0 0.6395 0.9035 0.0435 0.0618
0 0.4308 0.5753 0.0413 0.0474
0 0.6611 0.5899 0.0473 0.0408
0 0.9397 0.8834 0.0303 0.0278
0 0.1738 0.5300 0.0939 0.1195
0 0.0719 0.5478 0.0582 0.0587
0 0.3035 0.7866 0.1362 0.1047
0 0.6919 0.8196 0.1041 0.0820
0 0.5427 0.8177 0.1228 0.1161
0 0.2495 0.5105 0.0479 0.0844
0 0.1559 0.8314 0.0398 0.0417
0 0.8136 0.8201 0.0292 0.0294
0 0.0354 0.5638 0.0334 0.0588
0 0.1414 0.3581 0.0335 0.0276
0 0.7795 0.6440 0.0269 0.0218
0 0.7232 0.8463 0.0415 0.0384
0 0.4532 0.7526 0.1700 0.0890
0 0.9029 0.6539 0.0431 0.0311
0 0.3523 0.5741 0.0598 0.0864
