0 0.0639 0.6795 0.0587 0.0600
0 0.3608 0.1610 0.0475 0.0501
0 0.4294 0.2376 0.0700 0.0702
0 0.3172 0.4780 0.1031 0.1217
0 0.1670 0.6960 0.0836 0.0930
0 0.3933 0.6055 0.0485 0.0871
0 0.2371 0.7082 0.0932 0.0796
0 0.4776 0.7399 0.0826 0.0904
0 0.2110 0.3691 0.0978 0.0683
0 0.2093 0.4166 0.1021 0.1654
0 0.2842 0.0357 0.0320 0.0292
0 0.6927 0.6694 0.1846 0.1930
0 0.5716 0.9305 0.0597 0.0544
0 0.4573 0.9694 0.1269 0.0583
0 0.3863 0.0492 0.0463 0.0506
0 0.1295 0.2350 0.1819 0.1634
0 0.5727 0.3360 0.0966 0.0723
0 0.5499 0.8059 0.0622 0.1570
0 0.2886 0.8410 0.0371 0.0324
0 0.4906 0.2912 0.0610 0.0699
0 0.3889 0.7985 0.0418 0.0322
0 0.8401 0.8580 0.0483 0.0310
0 0.8994 0.8220 0.1975 0.2274
0 0.7163 0.4837 0.2898 0.2082
