0 0.0632 0.6813 0.0582 0.0609
0 0.4290 0.2375 0.0663 0.0704
0 0.3172 0.4790 0.1034 0.1213
0 0.4774 0.7396 0.0813 0.0909
0 0.3936 0.6048 0.0478 0.0876
0 0.2109 0.3689 0.0987 0.0699
0 0.2003 0.7009 0.1566 0.0979
0 0.3860 0.0495 0.0440 0.0497
0 0.2090 0.4156 0.1017 0.1709
0 0.6943 0.6713 0.1870 0.1835
0 0.5732 0.3359 0.0966 0.0751
0 0.4578 0.9702 0.1306 0.0589
0 0.8990 0.8193 0.1991 0.2219
0 0.0665 0.2675 0.0461 0.0542
0 0.4911 0.2909 0.0617 0.0717
0 0.5524 0.8079 0.0581 0.1526
0 0.5701 0.9326 0.0613 0.0574
0 0.2356 0.7087 0.0922 0.0790
0 0.3873 0.7990 0.0397 0.0316
0 0.2878 0.8414 0.0354 0.0330
0 0.7857 0.5265 0.1388 0.1184
0 0.6582 0.4612 0.1694 0.1469
