0 0.0641 0.6799 0.0589 0.0599
0 0.3607 0.1611 0.0486 0.0501
0 0.4285 0.2365 0.0718 0.0706
0 0.3173 0.4783 0.1033 0.1213
0 0.1668 0.6964 0.0840 0.0947
0 0.3930 0.6056 0.0485 0.0877
0 0.2105 0.3691 0.0977 0.0699
0 0.2373 0.7083 0.0915 0.0818
0 0.4766 0.7392 0.0828 0.0913
0 0.2085 0.4163 0.1033 0.1699
0 0.6933 0.6703 0.1845 0.1948
0 0.3854 0.0485 0.0472 0.0515
0 0.1277 0.2527 0.1769 0.1083
0 0.4614 0.9692 0.1289 0.0588
0 0.8992 0.8158 0.1949 0.2184
0 0.5726 0.3352 0.0969 0.0743
0 0.5716 0.9319 0.0599 0.0540
0 0.5507 0.8064 0.0604 0.1553
0 0.2851 0.0356 0.0307 0.0285
0 0.4877 0.2929 0.0450 0.0633
0 0.5304 0.2370 0.0611 0.0967
0 0.3251 0.0707 0.0381 0.0725
0 0.6094 0.3953 0.0808 0.0656
0 0.6867 0.4304 0.1154 0.0737
0 0.7069 0.5093 0.1234 0.0863
