0 0.0250 0.7035 0.0501 0.0726
0 0.0769 0.4692 0.1066 0.1209
0 0.1782 0.2265 0.0689 0.0706
0 0.1581 0.5948 0.0465 0.0899
0 0.1096 0.1524 0.0473 0.0499
0 0.2434 0.7253 0.0859 0.0934
0 0.3502 0.9127 0.0599 0.0563
0 0.4589 0.6570 0.1804 0.1934
0 0.2364 0.9607 0.1230 0.0706
0 0.3214 0.7883 0.0591 0.1520
0 0.1591 0.7886 0.0418 0.0310
0 0.6129 0.8311 0.0466 0.0301
0 0.3269 0.3188 0.0958 0.0752
0 0.3677 0.3867 0.0681 0.0506
0 0.2328 0.2791 0.0565 0.0610
0 0.0655 0.0649 0.0588 0.0633
0 0.4456 0.4327 0.0715 0.1174
0 0.5616 0.4891 0.1788 0.0783
0 0.6342 0.7389 0.1142 0.0967
0 0.7369 0.8137 0.1027 0.1174
0 0.8817 0.8661 0.2215 0.1416
