0 0.1802 0.2244 0.0664 0.0641
0 0.0790 0.4727 0.1058 0.1047
0 0.1116 0.1514 0.0416 0.0420
0 0.2460 0.7272 0.0746 0.0874
0 0.4163 0.6892 0.0763 0.1188
0 0.1565 0.5952 0.0404 0.0765
0 0.3481 0.9118 0.0527 0.0484
0 0.0245 0.7064 0.0490 0.0727
0 0.3265 0.3190 0.0874 0.0657
0 0.0615 0.8364 0.0317 0.0328
0 0.3233 0.7732 0.0536 0.1048
0 0.1072 0.8118 0.0423 0.0342
0 0.2348 0.9625 0.1097 0.0600
0 0.1606 0.7868 0.0402 0.0307
0 0.3637 0.3800 0.0711 0.0504
0 0.5082 0.4765 0.1980 0.1735
0 0.4755 0.6449 0.1531 0.1592
0 0.6357 0.7408 0.1184 0.0857
0 0.8327 0.8520 0.2959 0.1776
0 0.2714 0.2459 0.0959 0.1245
0 0.0888 0.0480 0.1265 0.0959
