0 0.0638 0.6799 0.0584 0.0602
0 0.3171 0.4780 0.1033 0.1213
0 0.4296 0.2371 0.0691 0.0709
0 0.3608 0.1616 0.0479 0.0493
0 0.3928 0.6050 0.0474 0.0875
0 0.1673 0.6961 0.0849 0.0941
0 0.4768 0.7405 0.0814 0.0903
0 0.2372 0.7088 0.0921 0.0819
0 0.2107 0.3688 0.0975 0.0704
0 0.6941 0.6700 0.1849 0.1955
0 0.2087 0.4168 0.1015 0.1724
0 0.3859 0.0481 0.0464 0.0523
0 0.5724 0.9300 0.0590 0.0560
0 0.4585 0.9696 0.1266 0.0589
0 0.1298 0.2388 0.1808 0.1472
0 0.5733 0.3347 0.0956 0.0740
0 0.5497 0.8040 0.0612 0.1555
0 0.2887 0.8408 0.0365 0.0323
0 0.2842 0.0360 0.0316 0.0282
0 0.3876 0.7985 0.0407 0.0315
0 0.8392 0.8583 0.0482 0.0311
0 0.8999 0.8208 0.1951 0.2233
0 0.7224 0.4888 0.2816 0.2184
0 0.3245 0.0786 0.0490 0.0755
