0 0.0763 0.4707 0.1132 0.1350
0 0.3214 0.7867 0.0670 0.1566
0 0.2358 0.9600 0.1299 0.0630
0 0.1597 0.5937 0.0474 0.0834
0 0.1757 0.2276 0.0716 0.0676
0 0.2443 0.7260 0.0829 0.0927
0 0.4665 0.6565 0.1852 0.2033
0 0.1109 0.1515 0.0452 0.0475
0 0.0831 0.0550 0.1429 0.0948
0 0.7734 0.8238 0.4470 0.2887
0 0.0259 0.7043 0.0518 0.0768
0 0.6134 0.8311 0.0450 0.0296
0 0.6119 0.7171 0.0491 0.0392
0 0.1044 0.8128 0.0413 0.0347
0 0.4761 0.4635 0.2945 0.2365
0 0.4154 0.6863 0.0837 0.1346
0 0.3470 0.9134 0.0596 0.0524
0 0.2757 0.2675 0.2415 0.1900
0 0.7135 0.7903 0.0595 0.0643
0 0.1583 0.7888 0.0382 0.0272
0 0.2006 0.0815 0.0519 0.0563
0 0.0619 0.8348 0.0343 0.0340
0 0.7298 0.5560 0.0268 0.0324
0 0.1135 0.6449 0.0313 0.0283
