0 0.0637 0.6795 0.0590 0.0591
0 0.3167 0.4783 0.1027 0.1183
0 0.4764 0.7395 0.0821 0.0894
0 0.1664 0.6961 0.0839 0.0938
0 0.4577 0.9694 0.1245 0.0594
0 0.2367 0.7078 0.0927 0.0802
0 0.2104 0.3708 0.0972 0.0670
0 0.2845 0.0358 0.0300 0.0303
0 0.2079 0.4198 0.0990 0.1670
0 0.3863 0.0490 0.0448 0.0502
0 0.6903 0.6781 0.1567 0.1499
0 0.3919 0.6084 0.0503 0.0922
0 0.3881 0.7985 0.0410 0.0308
0 0.2873 0.8409 0.0358 0.0331
0 0.5503 0.7895 0.0577 0.1129
0 0.3592 0.1621 0.0484 0.0528
0 0.8857 0.7898 0.1918 0.2000
