0 0.0241 0.7024 0.0482 0.0718
0 0.1099 0.1532 0.0476 0.0500
0 0.1782 0.2264 0.0696 0.0705
0 0.1569 0.5954 0.0481 0.0902
0 0.3499 0.9127 0.0580 0.0562
0 0.2434 0.7255 0.0856 0.0937
0 0.0725 0.4633 0.1088 0.1097
0 0.3208 0.7877 0.0610 0.1546
0 0.4588 0.6561 0.1789 0.1949
0 0.2383 0.9603 0.1297 0.0719
0 0.3270 0.3185 0.0954 0.0732
0 0.6314 0.7417 0.1180 0.0971
0 0.2014 0.0819 0.0475 0.0559
0 0.7286 0.5557 0.0310 0.0338
0 0.4157 0.6863 0.0823 0.1380
0 0.1306 0.0404 0.0434 0.0505
0 0.4806 0.4663 0.2837 0.2102
0 0.8449 0.8684 0.2980 0.1816
