0 0.3171 0.4762 0.1124 0.1222
0 0.5736 0.3339 0.0958 0.0741
0 0.3946 0.6056 0.0477 0.0848
0 0.2098 0.3692 0.1024 0.0717
0 0.4593 0.9703 0.1372 0.0591
0 0.4769 0.7413 0.0829 0.0900
0 0.2125 0.4293 0.0969 0.1260
0 0.2362 0.7076 0.0892 0.0724
0 0.3616 0.1597 0.0457 0.0521
0 0.7361 0.5081 0.2538 0.2145
0 0.4275 0.2386 0.0707 0.0657
0 0.6995 0.6708 0.1831 0.1847
0 0.4904 0.2912 0.0611 0.0703
0 0.5532 0.2824 0.0547 0.0372
0 0.2179 0.4351 0.0754 0.0759
0 0.8684 0.7622 0.1102 0.1082
0 0.9571 0.8337 0.0796 0.1612
0 0.1796 0.7010 0.0469 0.0837
