0 0.0239 0.7041 0.0478 0.0719
0 0.1102 0.1531 0.0458 0.0504
0 0.1566 0.5963 0.0470 0.0875
0 0.0744 0.4704 0.1156 0.1215
0 0.2437 0.7256 0.0841 0.0929
0 0.3202 0.7867 0.0605 0.1532
0 0.4601 0.6510 0.1727 0.1791
0 0.1790 0.2272 0.0702 0.0692
0 0.3484 0.9144 0.0579 0.0552
0 0.2351 0.9606 0.1231 0.0697
0 0.1303 0.0403 0.0437 0.0504
0 0.7139 0.7919 0.0696 0.0722
0 0.1587 0.7893 0.0404 0.0315
0 0.0667 0.0681 0.0473 0.0633
0 0.2662 0.2476 0.1119 0.1117
0 0.3268 0.3242 0.0946 0.0691
0 0.3683 0.3794 0.0738 0.0414
0 0.4445 0.4209 0.1430 0.0645
0 0.5114 0.4922 0.2353 0.0714
0 0.6314 0.7466 0.0923 0.0898
0 0.7669 0.8485 0.1188 0.1232
0 0.9088 0.8750 0.1742 0.1232
