0 0.0243 0.7026 0.0487 0.0715
0 0.1780 0.2270 0.0691 0.0704
0 0.1100 0.1530 0.0461 0.0491
0 0.0763 0.4693 0.1061 0.1195
0 0.1580 0.5949 0.0473 0.0906
0 0.2439 0.7263 0.0846 0.0927
0 0.3486 0.9135 0.0582 0.0557
0 0.3211 0.7881 0.0596 0.1515
0 0.4583 0.6556 0.1786 0.1905
0 0.3265 0.3187 0.0965 0.0723
0 0.1589 0.7885 0.0423 0.0308
0 0.1303 0.0402 0.0431 0.0503
0 0.2353 0.9592 0.1254 0.0728
0 0.7283 0.5565 0.0310 0.0343
0 0.3616 0.3807 0.0796 0.0563
0 0.7847 0.8163 0.4265 0.2612
0 0.5082 0.4796 0.2286 0.1633
