0 0.0758 0.4677 0.1122 0.1213
0 0.2378 0.9594 0.1295 0.0627
0 0.3215 0.7877 0.0651 0.1488
0 0.1764 0.2285 0.0709 0.0665
0 0.1598 0.5942 0.0459 0.0814
0 0.0768 0.0560 0.1366 0.0942
0 0.1108 0.1518 0.0432 0.0479
0 0.2430 0.7249 0.0815 0.0913
0 0.1051 0.8126 0.0395 0.0344
0 0.4660 0.6433 0.1860 0.1491
0 0.0252 0.7050 0.0504 0.0747
0 0.3642 0.3816 0.0686 0.0504
0 0.1595 0.7888 0.0390 0.0303
0 0.0611 0.8344 0.0315 0.0304
0 0.7292 0.5559 0.0236 0.0290
0 0.2783 0.2677 0.2434 0.1965
0 0.4134 0.6775 0.0728 0.1159
0 0.4477 0.4122 0.1059 0.0821
0 0.1128 0.6464 0.0239 0.0254
0 0.0094 0.4741 0.0188 0.0298
