0 0.0725 0.4676 0.1150 0.1209
0 0.1591 0.5942 0.0477 0.0884
0 0.1758 0.2262 0.0704 0.0646
0 0.1100 0.1538 0.0433 0.0464
0 0.2440 0.7265 0.0810 0.0923
0 0.1052 0.8130 0.0432 0.0328
0 0.7760 0.8256 0.4336 0.2889
0 0.1598 0.7890 0.0420 0.0312
0 0.2391 0.9591 0.1294 0.0670
0 0.0228 0.7035 0.0455 0.0673
0 0.4620 0.6392 0.1820 0.1622
0 0.7289 0.5573 0.0299 0.0337
0 0.0608 0.8351 0.0341 0.0325
0 0.3207 0.7870 0.0607 0.1459
0 0.7128 0.7910 0.0660 0.0709
0 0.6136 0.8319 0.0478 0.0272
0 0.2472 0.2785 0.0477 0.0557
0 0.2851 0.2337 0.0810 0.1052
0 0.3291 0.3170 0.1048 0.0864
0 0.4690 0.4435 0.2806 0.1779
