0 0.1672 0.6963 0.0860 0.0910
0 0.4596 0.9705 0.1312 0.0580
0 0.3146 0.4753 0.1096 0.1193
0 0.3087 0.0656 0.0834 0.0857
0 0.0639 0.6799 0.0551 0.0586
0 0.2116 0.3678 0.0994 0.0630
0 0.3604 0.1620 0.0483 0.0487
0 0.5516 0.8063 0.0645 0.1512
0 0.4753 0.7407 0.0836 0.0867
0 0.3880 0.0501 0.0418 0.0456
0 0.3947 0.6061 0.0475 0.0807
0 0.6973 0.6749 0.1768 0.1398
0 0.2180 0.4340 0.0795 0.0734
0 0.2430 0.7060 0.0904 0.0736
0 0.5715 0.9318 0.0583 0.0541
0 0.3883 0.7991 0.0388 0.0326
0 0.3335 0.8221 0.0392 0.0302
0 0.1290 0.2282 0.1780 0.1601
0 0.4877 0.2954 0.0444 0.0555
0 0.8408 0.8583 0.0483 0.0323
0 0.2851 0.0354 0.0283 0.0265
0 0.9482 0.8407 0.0742 0.1106
0 0.6492 0.7038 0.0816 0.1307
0 0.4342 0.2402 0.0554 0.0603
0 0.8420 0.7437 0.0512 0.0414
0 0.8676 0.7858 0.0721 0.0595
0 0.2879 0.8410 0.0356 0.0343
0 0.6973 0.4457 0.0971 0.0518
0 0.6089 0.3984 0.0857 0.0289
0 0.5629 0.3263 0.1074 0.0824
