0 0.2130 0.3685 0.1029 0.0799
0 0.3850 0.0477 0.0535 0.0527
0 0.3614 0.1616 0.0457 0.0507
0 0.2845 0.0358 0.0294 0.0309
0 0.1741 0.6964 0.0972 0.0964
0 0.6075 0.3967 0.0763 0.0615
0 0.4305 0.2409 0.0687 0.0626
0 0.3171 0.4797 0.1212 0.1155
0 0.3250 0.0905 0.0458 0.0351
0 0.8412 0.8576 0.0475 0.0276
0 0.5516 0.2831 0.0561 0.0434
0 0.0672 0.6794 0.0568 0.0571
0 0.2310 0.7098 0.0983 0.0763
0 0.4013 0.5828 0.0348 0.0366
0 0.2212 0.4303 0.0795 0.0722
0 0.9455 0.8260 0.0709 0.0798
0 0.4895 0.2915 0.0654 0.0712
0 0.6913 0.6729 0.1649 0.1125
0 0.7405 0.5009 0.2309 0.2205
0 0.1293 0.2188 0.1892 0.1806
0 0.8707 0.7630 0.1476 0.1267
