0 0.0751 0.4686 0.1129 0.1214
0 0.3179 0.7689 0.0644 0.1085
0 0.1592 0.5938 0.0475 0.0842
0 0.1755 0.2277 0.0725 0.0680
0 0.4600 0.6533 0.1891 0.2078
0 0.2425 0.7265 0.0808 0.0905
0 0.0247 0.7033 0.0493 0.0762
0 0.1591 0.7894 0.0388 0.0297
0 0.7164 0.7910 0.0637 0.0688
0 0.6160 0.8316 0.0486 0.0324
0 0.0864 0.0939 0.1485 0.1814
0 0.1093 0.1534 0.0459 0.0450
0 0.6125 0.7172 0.0501 0.0387
0 0.2801 0.2484 0.1259 0.1214
0 0.3494 0.3455 0.1130 0.1128
0 0.4475 0.4575 0.0916 0.1399
0 0.6385 0.7531 0.0844 0.0857
0 0.7601 0.8523 0.1388 0.1328
0 0.8488 0.8866 0.2962 0.1242
0 0.3638 0.3519 0.2905 0.3512
