0 0.3595 0.1594 0.0510 0.0524
0 0.3882 0.7989 0.0402 0.0321
0 0.4292 0.2372 0.0727 0.0697
0 0.3325 0.8218 0.0422 0.0324
0 0.2118 0.3698 0.1075 0.0802
0 0.3850 0.0479 0.0517 0.0524
0 0.3956 0.6056 0.0512 0.0916
0 0.2847 0.0356 0.0290 0.0312
0 0.1745 0.6956 0.0964 0.0998
0 0.4580 0.9694 0.1279 0.0613
0 0.2319 0.7090 0.0984 0.0763
0 0.2884 0.8422 0.0316 0.0317
0 0.5568 0.8623 0.0329 0.0312
0 0.0664 0.6791 0.0554 0.0572
0 0.5508 0.2821 0.0571 0.0433
0 0.3187 0.4736 0.1177 0.1251
0 0.6090 0.3987 0.0772 0.0569
0 0.5737 0.3350 0.0976 0.0754
0 0.3236 0.0890 0.0487 0.0398
0 0.5714 0.9318 0.0601 0.0584
0 0.3455 0.6545 0.0314 0.0279
0 0.8419 0.8576 0.0487 0.0287
0 0.4799 0.7391 0.0947 0.0924
0 0.9448 0.8249 0.0747 0.0809
0 0.7034 0.6925 0.1699 0.1548
0 0.8780 0.6725 0.0255 0.0220
0 0.4561 0.0950 0.0436 0.0588
0 0.2140 0.4456 0.1015 0.1101
0 0.4944 0.2874 0.0740 0.0826
0 0.5116 0.2151 0.0361 0.0482
0 0.7241 0.5093 0.3166 0.2787
0 0.5486 0.7828 0.0551 0.1101
0 0.8712 0.7588 0.1531 0.1273
0 0.1288 0.2358 0.1858 0.1824
