0 0.3601 0.1625 0.0494 0.0483
0 0.4278 0.2375 0.0682 0.0710
0 0.0643 0.6796 0.0601 0.0646
0 0.3170 0.4779 0.1025 0.1188
0 0.3933 0.6046 0.0484 0.0881
0 0.4769 0.7413 0.0807 0.0901
0 0.2110 0.3688 0.0980 0.0645
0 0.6931 0.6690 0.1853 0.1901
0 0.2357 0.7074 0.0934 0.0775
0 0.2103 0.4178 0.1010 0.1653
0 0.1660 0.6970 0.0879 0.0938
0 0.5481 0.7876 0.0561 0.1126
0 0.5728 0.3353 0.0968 0.0662
0 0.3881 0.7994 0.0458 0.0346
0 0.1309 0.2510 0.1775 0.1217
0 0.3870 0.0498 0.0450 0.0500
0 0.4907 0.2915 0.0606 0.0709
0 0.9038 0.8154 0.1924 0.2256
0 0.6106 0.4005 0.0715 0.0576
0 0.6885 0.4368 0.0934 0.0725
0 0.7456 0.5202 0.1961 0.0852
0 0.3274 0.0870 0.0473 0.0357
0 0.5552 0.2815 0.0646 0.0518
0 0.5258 0.2378 0.0542 0.0771
0 0.9411 0.8226 0.0681 0.0760
0 0.8696 0.7795 0.0727 0.0817
