0 0.1765 0.2254 0.0710 0.0671
0 0.0752 0.4695 0.1151 0.1227
0 0.1108 0.1504 0.0489 0.0545
0 0.1583 0.5952 0.0474 0.0875
0 0.2436 0.7254 0.0818 0.0954
0 0.0241 0.7003 0.0482 0.0662
0 0.1593 0.7876 0.0412 0.0292
0 0.4614 0.6533 0.1867 0.1891
0 0.2381 0.9618 0.1313 0.0690
0 0.1044 0.8122 0.0402 0.0320
0 0.7134 0.7924 0.0662 0.0710
0 0.3309 0.8451 0.0319 0.0294
0 0.4811 0.4666 0.2795 0.2167
0 0.1313 0.0401 0.0403 0.0484
0 0.2924 0.2669 0.1507 0.1596
0 0.2391 0.2747 0.0600 0.0599
0 0.6307 0.7419 0.1009 0.0983
0 0.8488 0.8606 0.2992 0.1702
