0 0.0629 0.6789 0.0573 0.0565
0 0.4283 0.2360 0.0683 0.0661
0 0.1677 0.6998 0.0801 0.0809
0 0.3614 0.1613 0.0458 0.0454
0 0.2389 0.7111 0.0867 0.0712
0 0.3195 0.4813 0.1042 0.1059
0 0.2117 0.3685 0.0924 0.0647
0 0.4792 0.7384 0.0750 0.0831
0 0.0622 0.2668 0.0417 0.0509
0 0.5727 0.3353 0.0928 0.0701
0 0.3942 0.6071 0.0438 0.0761
0 0.3885 0.7999 0.0390 0.0312
0 0.2104 0.4138 0.0982 0.1520
0 0.4616 0.9711 0.1232 0.0539
0 0.2883 0.8418 0.0332 0.0320
0 0.3471 0.6528 0.0277 0.0278
0 0.6497 0.4305 0.1438 0.1061
0 0.6970 0.6713 0.1714 0.1710
0 0.9061 0.8069 0.1877 0.1907
0 0.5620 0.8128 0.0473 0.1356
0 0.1571 0.2340 0.1281 0.1651
0 0.5256 0.2615 0.1084 0.1258
0 0.3857 0.0531 0.0374 0.0550
0 0.3078 0.0659 0.0788 0.0924
