0 0.3189 0.0568 0.0292 0.0344
0 0.3258 0.0947 0.0396 0.0344
0 0.3886 0.0525 0.0310 0.0499
0 0.3594 0.1626 0.0447 0.0533
0 0.0643 0.6856 0.0671 0.0499
0 0.2871 0.8388 0.0447 0.0361
0 0.1985 0.6968 0.1600 0.0929
0 0.2054 0.3725 0.0981 0.0637
0 0.2140 0.4818 0.1049 0.0413
0 0.4308 0.2375 0.0774 0.0688
0 0.3920 0.6074 0.0516 0.0757
0 0.3860 0.7992 0.0361 0.0327
0 0.5512 0.8018 0.0671 0.1514
0 0.6888 0.6676 0.1669 0.1789
0 0.4875 0.2882 0.0533 0.0774
0 0.9460 0.8224 0.0585 0.0723
0 0.9632 0.9308 0.0413 0.0275
0 0.6123 0.3983 0.0619 0.0533
0 0.5469 0.2831 0.0654 0.0361
