0 0.0709 0.0633 0.0465 0.0605
0 0.1107 0.1522 0.0446 0.0454
0 0.1785 0.2255 0.0645 0.0709
0 0.2454 0.2752 0.0616 0.0662
0 0.3302 0.2993 0.0948 0.1069
0 0.3648 0.3821 0.0635 0.0624
0 0.4506 0.4119 0.1081 0.0672
0 0.5435 0.5013 0.1251 0.1249
0 0.4440 0.4871 0.0720 0.1116
0 0.0738 0.4630 0.1109 0.1201
0 0.1610 0.5910 0.0427 0.0955
0 0.4814 0.6261 0.1375 0.1305
0 0.4027 0.6800 0.0559 0.0946
0 0.6255 0.7353 0.1185 0.1164
0 0.7165 0.8129 0.0768 0.1258
0 0.8767 0.8574 0.2304 0.1637
0 0.3264 0.7954 0.0550 0.1230
0 0.3520 0.9099 0.0493 0.0586
0 0.2345 0.9510 0.1346 0.0388
0 0.1098 0.8091 0.1356 0.0842
