0 0.0623 0.6796 0.0569 0.0589
0 0.4571 0.9703 0.1309 0.0592
0 0.3174 0.4761 0.1114 0.1221
0 0.3597 0.1608 0.0478 0.0495
0 0.1672 0.6964 0.0884 0.0952
0 0.2093 0.3688 0.1058 0.0749
0 0.4272 0.2363 0.0696 0.0690
0 0.3945 0.6054 0.0463 0.0838
0 0.5749 0.3358 0.0965 0.0748
0 0.2376 0.7073 0.0910 0.0757
0 0.1274 0.2291 0.1750 0.1675
0 0.3872 0.0491 0.0404 0.0480
0 0.4750 0.7399 0.0822 0.0914
0 0.4908 0.2901 0.0613 0.0692
0 0.3888 0.7991 0.0398 0.0306
0 0.9044 0.8150 0.1912 0.2231
0 0.2116 0.4269 0.0971 0.1244
0 0.7425 0.4995 0.2477 0.1998
0 0.5512 0.8025 0.0632 0.1510
0 0.2846 0.0354 0.0299 0.0303
0 0.3323 0.8214 0.0409 0.0313
0 0.6966 0.6745 0.1801 0.1831
0 0.6058 0.3986 0.0800 0.0546
0 0.5523 0.2812 0.0533 0.0368
0 0.2878 0.8415 0.0336 0.0321
0 0.8389 0.8573 0.0488 0.0298
0 0.2166 0.4334 0.0778 0.0764
0 0.8772 0.6735 0.0252 0.0216
