0 0.3620 0.1595 0.0506 0.0535
0 0.3886 0.7991 0.0404 0.0324
0 0.2150 0.3676 0.1098 0.0825
0 0.3321 0.8219 0.0409 0.0318
0 0.4295 0.2377 0.0717 0.0693
0 0.3954 0.6049 0.0522 0.0922
0 0.2311 0.7085 0.1026 0.0772
0 0.3864 0.0480 0.0531 0.0525
0 0.5739 0.3347 0.0979 0.0761
0 0.1778 0.6972 0.1057 0.0983
0 0.0665 0.6802 0.0532 0.0563
0 0.3237 0.0895 0.0459 0.0405
0 0.3459 0.6545 0.0314 0.0276
0 0.2846 0.0359 0.0328 0.0329
0 0.3171 0.4738 0.1165 0.1242
0 0.5510 0.2822 0.0574 0.0434
0 0.8401 0.8576 0.0510 0.0314
0 0.6088 0.3996 0.0784 0.0566
0 0.2878 0.8426 0.0366 0.0326
0 0.4892 0.2931 0.0648 0.0701
0 0.9446 0.8243 0.0724 0.0796
0 0.6957 0.6955 0.1669 0.1609
0 0.5570 0.8619 0.0334 0.0314
0 0.5712 0.9323 0.0616 0.0590
0 0.4601 0.9691 0.1385 0.0584
0 0.2229 0.4321 0.0778 0.0706
0 0.4944 0.9616 0.0484 0.0323
0 0.2468 0.4797 0.0303 0.0312
0 0.7138 0.5127 0.2994 0.2822
0 0.8566 0.7656 0.1101 0.1101
0 0.1968 0.4844 0.0705 0.0327
0 0.1323 0.2667 0.1789 0.1273
0 0.3189 0.0551 0.0292 0.0344
0 0.5503 0.7837 0.0551 0.1153
0 0.9567 0.8809 0.0867 0.0551
0 0.4712 0.7407 0.0929 0.0843
0 0.4557 0.0973 0.0482 0.0671
