0 0.4589 0.9713 0.1281 0.0569
0 0.3141 0.4756 0.1102 0.1184
0 0.1656 0.6948 0.0883 0.0926
0 0.2094 0.3712 0.0965 0.0668
0 0.4761 0.7415 0.0824 0.0894
0 0.4282 0.2390 0.0679 0.0666
0 0.0636 0.6793 0.0577 0.0610
0 0.5517 0.8088 0.0648 0.1489
0 0.6939 0.6700 0.1815 0.1570
0 0.3882 0.0494 0.0412 0.0460
0 0.3947 0.6051 0.0493 0.0806
0 0.5693 0.9334 0.0627 0.0567
0 0.5732 0.3365 0.0921 0.0724
0 0.2399 0.7061 0.0910 0.0739
0 0.3614 0.1618 0.0469 0.0465
0 0.2189 0.4349 0.0768 0.0745
0 0.5521 0.2835 0.0497 0.0403
0 0.4908 0.2923 0.0548 0.0646
0 0.9019 0.8131 0.1930 0.2164
0 0.3881 0.7988 0.0380 0.0321
0 0.9463 0.8213 0.0618 0.0698
0 0.1149 0.2249 0.1428 0.1479
0 0.8413 0.8573 0.0464 0.0286
0 0.2097 0.4159 0.1094 0.1641
0 0.3280 0.0904 0.0406 0.0344
0 0.3327 0.8216 0.0362 0.0292
0 0.8428 0.7439 0.0491 0.0401
0 0.7265 0.5033 0.2502 0.1887
