0 0.1295 0.0394 0.0438 0.0513
0 0.0673 0.0679 0.0397 0.0653
0 0.1108 0.1560 0.0403 0.0513
0 0.1798 0.2251 0.0684 0.0624
0 0.2969 0.2656 0.1484 0.1738
0 0.0772 0.4697 0.1122 0.1219
0 0.1543 0.5925 0.0503 0.0904
0 0.3235 0.7701 0.0649 0.1131
0 0.3486 0.9106 0.0532 0.0536
0 0.2359 0.9616 0.1210 0.0542
0 0.2440 0.7266 0.0754 0.0834
0 0.4445 0.6665 0.1338 0.1283
0 0.6271 0.7403 0.0999 0.1102
0 0.7159 0.7878 0.0707 0.0746
0 0.9584 0.9031 0.0812 0.0822
0 0.8658 0.8576 0.1601 0.1207
0 0.7422 0.8358 0.1069 0.0933
0 0.3688 0.3838 0.0742 0.0472
0 0.4483 0.4217 0.1198 0.0531
0 0.4454 0.5042 0.0859 0.0840
0 0.5543 0.5089 0.1484 0.1189
0 0.0239 0.7015 0.0478 0.0707
0 0.1584 0.7884 0.0343 0.0321
0 0.1054 0.8136 0.0352 0.0278
0 0.0643 0.8364 0.0365 0.0334
