0 0.4593 0.9703 0.1360 0.0586
0 0.3178 0.4779 0.1149 0.1201
0 0.3614 0.1619 0.0447 0.0523
0 0.3938 0.6069 0.0477 0.0824
0 0.2106 0.3706 0.1023 0.0711
0 0.0647 0.6803 0.0547 0.0583
0 0.5750 0.3343 0.0939 0.0751
0 0.2365 0.7062 0.0878 0.0747
0 0.2873 0.8414 0.0337 0.0302
0 0.3246 0.0880 0.0435 0.0401
0 0.2000 0.7007 0.1533 0.0936
0 0.5713 0.9301 0.0560 0.0536
0 0.5513 0.2817 0.0511 0.0346
0 0.5523 0.8048 0.0596 0.1495
0 0.2113 0.4137 0.0970 0.1471
0 0.3895 0.0521 0.0394 0.0519
0 0.3325 0.8209 0.0399 0.0325
0 0.9450 0.8248 0.0656 0.0736
0 0.2183 0.4346 0.0726 0.0775
0 0.6531 0.4316 0.1694 0.1000
0 0.6867 0.6837 0.1347 0.1388
0 0.1122 0.2480 0.1245 0.1000
0 0.8694 0.7714 0.1122 0.1102
