0 0.0619 0.6786 0.0571 0.0576
0 0.4599 0.9714 0.1327 0.0557
0 0.3159 0.4753 0.1083 0.1197
0 0.1669 0.6966 0.0855 0.0939
0 0.4278 0.2362 0.0673 0.0673
0 0.3604 0.1608 0.0457 0.0490
0 0.3942 0.6067 0.0462 0.0795
0 0.4759 0.7413 0.0786 0.0853
0 0.3873 0.0492 0.0393 0.0474
0 0.2376 0.7064 0.0885 0.0738
0 0.5754 0.3363 0.0954 0.0719
0 0.4914 0.2893 0.0590 0.0673
0 0.5521 0.8026 0.0593 0.1508
0 0.2121 0.4217 0.0980 0.1416
0 0.3882 0.7985 0.0391 0.0296
0 0.2876 0.8410 0.0330 0.0299
0 0.3325 0.8215 0.0402 0.0302
0 0.2099 0.3698 0.0989 0.0731
0 0.2851 0.0359 0.0308 0.0304
0 0.5519 0.2815 0.0528 0.0370
0 0.7407 0.5014 0.2425 0.2039
0 0.2174 0.4333 0.0801 0.0814
0 0.6066 0.3981 0.0760 0.0518
0 0.6958 0.6689 0.1744 0.1606
0 0.8632 0.7714 0.0997 0.0875
0 0.9569 0.8464 0.0829 0.1295
0 0.3249 0.0945 0.0348 0.0396
0 0.5742 0.9271 0.0553 0.0575
