0 0.2080 0.3708 0.0993 0.0794
0 0.4312 0.2374 0.0682 0.0665
0 0.5771 0.3360 0.0995 0.0717
0 0.3601 0.1606 0.0519 0.0507
0 0.3944 0.6077 0.0462 0.0864
0 0.3887 0.7989 0.0393 0.0315
0 0.6086 0.3988 0.0779 0.0565
0 0.0728 0.6717 0.0359 0.0460
0 0.4591 0.9702 0.1297 0.0572
0 0.5573 0.8622 0.0327 0.0296
0 0.3856 0.0485 0.0528 0.0537
0 0.3148 0.4789 0.1221 0.1215
0 0.9451 0.8251 0.0735 0.0796
0 0.8414 0.8579 0.0468 0.0283
0 0.2012 0.6995 0.1539 0.0949
0 0.5498 0.2810 0.0568 0.0430
0 0.4793 0.7416 0.0903 0.0952
0 0.2844 0.0355 0.0325 0.0309
0 0.5692 0.9332 0.0584 0.0581
0 0.3456 0.6549 0.0318 0.0287
0 0.4937 0.9606 0.0443 0.0312
0 0.3329 0.8220 0.0349 0.0305
0 0.2215 0.4312 0.0774 0.0721
0 0.2471 0.4791 0.0295 0.0317
0 0.4799 0.6773 0.0236 0.0228
0 0.6910 0.6713 0.1412 0.1150
0 0.3243 0.0877 0.0517 0.0418
0 0.7991 0.5456 0.1413 0.1224
0 0.6891 0.4859 0.1064 0.1626
0 0.8574 0.7677 0.1076 0.1062
0 0.5508 0.7929 0.0583 0.1182
0 0.9595 0.8817 0.0809 0.0714
0 0.5014 0.2618 0.0842 0.1206
0 0.1419 0.2498 0.0709 0.0906
