0 0.3172 0.4754 0.1088 0.1206
0 0.2099 0.3697 0.1028 0.0721
0 0.3610 0.1603 0.0452 0.0470
0 0.4277 0.2368 0.0675 0.0671
0 0.4610 0.9707 0.1389 0.0579
0 0.5755 0.3347 0.0960 0.0748
0 0.3945 0.6052 0.0459 0.0789
0 0.2170 0.4341 0.0793 0.0800
0 0.2113 0.4267 0.0975 0.1310
0 0.6075 0.3976 0.0773 0.0562
0 0.5525 0.2820 0.0530 0.0366
0 0.4898 0.2890 0.0594 0.0692
0 0.3864 0.0484 0.0408 0.0477
0 0.6969 0.4500 0.0959 0.0551
0 0.6980 0.6786 0.1673 0.0837
0 0.7847 0.5265 0.1449 0.0980
0 0.8633 0.7704 0.0735 0.0959
0 0.9582 0.8490 0.0796 0.1061
