0 0.3299 0.8466 0.0333 0.0288
0 0.0238 0.6999 0.0476 0.0703
0 0.1071 0.1532 0.0487 0.0486
0 0.1579 0.7888 0.0397 0.0297
0 0.2540 0.9889 0.0569 0.0222
0 0.3482 0.9128 0.0593 0.0569
0 0.1038 0.8133 0.0444 0.0333
0 0.1606 0.5948 0.0509 0.0906
0 0.0764 0.4659 0.1222 0.1211
0 0.0613 0.8353 0.0353 0.0330
0 0.3666 0.3813 0.0847 0.0571
0 0.1784 0.2268 0.0769 0.0697
0 0.1127 0.6471 0.0299 0.0288
0 0.2348 0.9590 0.1264 0.0706
0 0.3304 0.3175 0.1055 0.0691
0 0.0706 0.0819 0.0452 0.0396
0 0.7210 0.8506 0.0659 0.0515
0 0.7137 0.7925 0.0697 0.0756
0 0.3275 0.7931 0.0460 0.0643
0 0.1282 0.0392 0.0429 0.0471
0 0.2491 0.7265 0.0950 0.0953
0 0.6131 0.8305 0.0506 0.0310
0 0.6343 0.7393 0.1142 0.0970
0 0.4565 0.6489 0.1474 0.1106
0 0.4176 0.6865 0.0908 0.1286
0 0.9009 0.9571 0.0274 0.0280
0 0.0640 0.2329 0.0232 0.0205
0 0.5009 0.4885 0.2562 0.2221
0 0.8825 0.8620 0.2350 0.1907
