0 0.1653 0.6951 0.0867 0.0911
0 0.3147 0.4755 0.1093 0.1172
0 0.2093 0.3699 0.0981 0.0657
0 0.6986 0.6718 0.1811 0.1751
0 0.4274 0.2390 0.0690 0.0645
0 0.4355 0.9745 0.0778 0.0500
0 0.0622 0.6801 0.0684 0.0685
0 0.3947 0.6058 0.0469 0.0800
0 0.5527 0.8056 0.0583 0.1538
0 0.5699 0.9337 0.0586 0.0548
0 0.3079 0.0647 0.0792 0.0850
0 0.2180 0.4333 0.0800 0.0764
0 0.3885 0.0498 0.0436 0.0448
0 0.2239 0.7031 0.1190 0.0887
0 0.5737 0.3349 0.0917 0.0689
0 0.3637 0.1621 0.0461 0.0409
0 0.4910 0.2918 0.0546 0.0628
0 0.5530 0.2819 0.0479 0.0342
0 0.3880 0.7987 0.0377 0.0322
0 0.3335 0.8216 0.0389 0.0299
0 0.9024 0.8119 0.1953 0.2254
0 0.1308 0.2289 0.1799 0.1608
0 0.8414 0.8572 0.0463 0.0286
0 0.4905 0.7294 0.0550 0.0621
0 0.6475 0.7027 0.0802 0.1278
0 0.9459 0.8213 0.0608 0.0676
0 0.4586 0.9652 0.1276 0.0692
0 0.9514 0.8778 0.0682 0.0487
0 0.2107 0.4153 0.1064 0.1641
0 0.2854 0.0355 0.0281 0.0251
0 0.3267 0.0911 0.0391 0.0331
0 0.6103 0.3987 0.0714 0.0513
0 0.6953 0.4409 0.1095 0.0482
0 0.7041 0.5090 0.1271 0.1022
