0 0.3910 0.0504 0.0354 0.0383
0 0.2855 0.0357 0.0251 0.0221
0 0.3224 0.0942 0.0443 0.0243
0 0.3198 0.0574 0.0273 0.0346
0 0.3626 0.1630 0.0362 0.0427
0 0.4293 0.2411 0.0590 0.0471
0 0.4932 0.2922 0.0465 0.0626
0 0.5201 0.2355 0.0443 0.0832
0 0.5522 0.2819 0.0480 0.0375
0 0.5776 0.3419 0.0856 0.0574
0 0.6123 0.4015 0.0634 0.0530
0 0.1383 0.2460 0.0745 0.0802
0 0.2121 0.3715 0.1026 0.0618
0 0.2191 0.4341 0.0708 0.0795
0 0.3146 0.4713 0.1085 0.1082
0 0.1685 0.6979 0.0848 0.0920
0 0.2305 0.7063 0.0583 0.0766
0 0.3976 0.6044 0.0310 0.0744
0 0.7001 0.4390 0.0944 0.0420
0 0.6783 0.4928 0.0612 0.0567
0 0.6455 0.7044 0.0708 0.1222
0 0.6868 0.6672 0.0959 0.0876
0 0.8410 0.7445 0.0457 0.0375
0 0.8735 0.7780 0.0649 0.0736
0 0.9476 0.8189 0.0583 0.0744
0 0.0722 0.6730 0.0280 0.0530
0 0.5588 0.7955 0.0347 0.0832
0 0.7473 0.4941 0.0561 0.0515
0 0.7588 0.6778 0.0553 0.0810
0 0.4773 0.7417 0.0841 0.0839
0 0.5765 0.9324 0.0568 0.0589
0 0.4640 0.9728 0.1239 0.0544
0 0.3924 0.7988 0.0339 0.0324
0 0.3342 0.8202 0.0354 0.0221
0 0.2880 0.8412 0.0258 0.0287
0 0.9597 0.8775 0.0806 0.0448
0 0.8173 0.5411 0.0875 0.1108
