0 0.0637 0.6797 0.0568 0.0582
0 0.3165 0.4778 0.1039 0.1203
0 0.3600 0.1613 0.0490 0.0513
0 0.3930 0.6055 0.0476 0.0856
0 0.4308 0.2378 0.0670 0.0657
0 0.4768 0.7401 0.0805 0.0895
0 0.2087 0.3688 0.0974 0.0650
0 0.2847 0.0357 0.0291 0.0297
0 0.2091 0.4164 0.0987 0.1666
0 0.3868 0.0497 0.0443 0.0493
0 0.6939 0.6867 0.1596 0.1283
0 0.5719 0.9312 0.0575 0.0530
0 0.2388 0.7066 0.0919 0.0682
0 0.5499 0.8062 0.0609 0.1569
0 0.4576 0.9703 0.1313 0.0594
0 0.1319 0.2520 0.1727 0.1195
0 0.8995 0.8204 0.1946 0.2193
0 0.6622 0.3949 0.3857 0.4102
