0 0.0648 0.6802 0.0535 0.0579
0 0.4286 0.2362 0.0662 0.0675
0 0.3939 0.6067 0.0462 0.0826
0 0.5754 0.3353 0.0943 0.0734
0 0.3610 0.1610 0.0467 0.0500
0 0.4774 0.7394 0.0827 0.0900
0 0.1653 0.6984 0.0863 0.0946
0 0.3169 0.4758 0.1087 0.1180
0 0.4915 0.2900 0.0601 0.0679
0 0.2363 0.7090 0.0885 0.0705
0 0.3872 0.0488 0.0398 0.0479
0 0.6981 0.6680 0.1737 0.1361
0 0.2591 0.4358 0.2210 0.2090
0 0.5518 0.2818 0.0522 0.0358
0 0.5524 0.8008 0.0568 0.1422
0 0.6276 0.4143 0.1020 0.0571
0 0.7061 0.4969 0.0959 0.1000
0 0.9051 0.8092 0.1837 0.1857
