0 0.0245 0.7039 0.0491 0.0716
0 0.0762 0.4688 0.1063 0.1189
0 0.1780 0.2268 0.0678 0.0697
0 0.1100 0.1528 0.0453 0.0486
0 0.1569 0.5960 0.0465 0.0869
0 0.2437 0.7253 0.0834 0.0911
0 0.3211 0.7883 0.0590 0.1499
0 0.4655 0.6496 0.1718 0.1774
0 0.3481 0.9139 0.0559 0.0542
0 0.6313 0.7425 0.1129 0.0962
0 0.3273 0.3196 0.0950 0.0724
0 0.2359 0.9613 0.1238 0.0677
0 0.7156 0.7918 0.0685 0.0716
0 0.3623 0.3810 0.0770 0.0556
0 0.1596 0.7888 0.0405 0.0294
0 0.8490 0.8755 0.2939 0.1673
0 0.5031 0.4776 0.2306 0.1837
0 0.0857 0.0459 0.1469 0.0918
