0 0.3156 0.4727 0.0998 0.1222
0 0.2107 0.3708 0.0991 0.0666
0 0.4591 0.9701 0.1377 0.0581
0 0.4756 0.7403 0.0819 0.0852
0 0.3627 0.1614 0.0471 0.0430
0 0.0641 0.6794 0.0565 0.0606
0 0.3081 0.0647 0.0810 0.0856
0 0.2017 0.6991 0.1550 0.1007
0 0.3945 0.6070 0.0458 0.0780
0 0.5706 0.3371 0.0988 0.0720
0 0.3876 0.0497 0.0426 0.0452
0 0.6988 0.6723 0.1774 0.1620
0 0.5526 0.8038 0.0622 0.1584
0 0.2198 0.4320 0.0814 0.0699
0 0.6475 0.7027 0.0827 0.1270
0 0.3875 0.7993 0.0403 0.0331
0 0.5707 0.9314 0.0612 0.0586
0 0.2101 0.4167 0.1134 0.1659
0 0.9010 0.8050 0.1964 0.1977
0 0.2847 0.0358 0.0289 0.0266
0 0.8430 0.7443 0.0489 0.0387
0 0.8404 0.8578 0.0493 0.0289
0 0.9443 0.8211 0.0648 0.0665
0 0.6081 0.4018 0.0735 0.0596
0 0.1387 0.2479 0.0642 0.0749
0 0.3324 0.8212 0.0380 0.0304
0 0.0731 0.2570 0.0633 0.0705
0 0.7484 0.4925 0.0563 0.0471
0 0.2346 0.7044 0.0964 0.0788
0 0.3271 0.0917 0.0410 0.0339
0 0.9514 0.8805 0.0721 0.0541
0 0.6924 0.4554 0.3625 0.3237
