0 0.0643 0.6794 0.0584 0.0593
0 0.3618 0.1618 0.0467 0.0484
0 0.3172 0.4766 0.1045 0.1175
0 0.3920 0.6082 0.0462 0.0803
0 0.4307 0.2376 0.0655 0.0675
0 0.2116 0.3706 0.0951 0.0685
0 0.3862 0.0491 0.0443 0.0498
0 0.1981 0.6996 0.1626 0.0979
0 0.4585 0.9703 0.1254 0.0584
0 0.2096 0.4167 0.0997 0.1700
0 0.5724 0.9293 0.0584 0.0553
0 0.2848 0.0358 0.0316 0.0284
0 0.6927 0.6694 0.1885 0.1823
0 0.4788 0.7398 0.0803 0.0875
0 0.5734 0.3362 0.0961 0.0668
0 0.9025 0.8152 0.1829 0.1986
0 0.7184 0.4724 0.2857 0.1939
