0 0.6397 0.9040 0.0429 0.0607
0 0.1575 0.8310 0.0336 0.0387
0 0.6623 0.5897 0.0425 0.0432
0 0.4297 0.5748 0.0380 0.0460
0 0.9403 0.8838 0.0319 0.0290
0 0.6952 0.8204 0.1096 0.0814
0 0.3017 0.7865 0.1256 0.1019
0 0.5460 0.7819 0.1265 0.1824
0 0.3541 0.5703 0.0492 0.0899
0 0.9699 0.7066 0.0291 0.0294
0 0.7799 0.6434 0.0263 0.0223
0 0.9018 0.6515 0.0395 0.0296
0 0.4537 0.7505 0.1671 0.0907
0 0.8135 0.8181 0.0317 0.0257
0 0.2613 0.8431 0.1445 0.0482
0 0.2845 0.6977 0.0465 0.1084
0 0.7181 0.6487 0.0292 0.0344
