0 0.0642 0.6793 0.0587 0.0605
0 0.3602 0.1609 0.0490 0.0510
0 0.4295 0.2376 0.0701 0.0702
0 0.3171 0.4783 0.1036 0.1212
0 0.3934 0.6044 0.0478 0.0870
0 0.1674 0.6961 0.0841 0.0933
0 0.2108 0.3685 0.0992 0.0704
0 0.2373 0.7080 0.0941 0.0804
0 0.4773 0.7397 0.0817 0.0914
0 0.5719 0.9299 0.0595 0.0546
0 0.2844 0.0359 0.0319 0.0292
0 0.6931 0.6687 0.1832 0.1938
0 0.3860 0.0483 0.0457 0.0514
0 0.2095 0.4167 0.1026 0.1657
0 0.1291 0.2346 0.1833 0.1662
0 0.4591 0.9697 0.1271 0.0601
0 0.5496 0.8057 0.0620 0.1544
0 0.3889 0.7983 0.0417 0.0333
0 0.8990 0.8215 0.1987 0.2280
0 0.4911 0.2916 0.0616 0.0696
0 0.2877 0.8407 0.0373 0.0327
0 0.8395 0.8578 0.0481 0.0320
0 0.5741 0.3364 0.1001 0.0709
0 0.7163 0.4755 0.2857 0.2000
