0 0.1098 0.1526 0.0467 0.0484
0 0.0781 0.4671 0.1188 0.1237
0 0.1770 0.2257 0.0719 0.0680
0 0.1593 0.5950 0.0468 0.0885
0 0.2440 0.7252 0.0824 0.0930
0 0.7748 0.8224 0.4174 0.2861
0 0.1040 0.8127 0.0426 0.0329
0 0.1585 0.7886 0.0400 0.0308
0 0.3199 0.7883 0.0630 0.1484
0 0.2374 0.9584 0.1302 0.0689
0 0.0244 0.7018 0.0488 0.0738
0 0.0708 0.0825 0.0434 0.0369
0 0.0608 0.8348 0.0342 0.0330
0 0.4622 0.6526 0.1801 0.1854
0 0.1311 0.0400 0.0413 0.0492
0 0.2046 0.0823 0.0426 0.0519
0 0.3638 0.3814 0.0794 0.0556
0 0.4961 0.4707 0.2556 0.2030
0 0.3478 0.9127 0.0569 0.0537
0 0.0269 0.0306 0.0290 0.0296
0 0.2440 0.2715 0.0593 0.0871
0 0.3313 0.2956 0.1000 0.0964
0 0.2724 0.2153 0.0585 0.0896
0 0.3151 0.2525 0.1915 0.1598
