0 0.2830 0.0365 0.0278 0.0382
0 0.3264 0.0946 0.0417 0.0330
0 0.3594 0.1623 0.0556 0.0538
0 0.4236 0.2361 0.0694 0.0660
0 0.4913 0.2882 0.0660 0.0764
0 0.3898 0.0530 0.0434 0.0503
0 0.5729 0.3012 0.1146 0.1337
0 0.6094 0.4019 0.0764 0.0642
0 0.1293 0.2292 0.1788 0.1701
0 0.2031 0.4123 0.0972 0.1684
0 0.3194 0.4757 0.1319 0.1319
0 0.3976 0.6076 0.0590 0.0903
0 0.2023 0.7049 0.1580 0.1007
0 0.0625 0.6797 0.0590 0.0816
0 0.3576 0.8099 0.1007 0.0573
0 0.4575 0.9653 0.1302 0.0625
0 0.5095 0.7821 0.1545 0.1684
0 0.6910 0.6745 0.1806 0.1962
0 0.9557 0.8620 0.0851 0.1545
0 0.8715 0.7569 0.1493 0.1215
0 0.7517 0.4948 0.2257 0.2118
