0 0.2376 0.9590 0.1297 0.0612
0 0.1599 0.5939 0.0508 0.0826
0 0.3224 0.7909 0.0654 0.1534
0 0.1093 0.1525 0.0450 0.0485
0 0.0757 0.4682 0.1200 0.1248
0 0.2450 0.7289 0.0819 0.0870
0 0.4652 0.6458 0.1831 0.1740
0 0.1057 0.8123 0.0396 0.0328
0 0.4167 0.6856 0.0888 0.1379
0 0.6113 0.7171 0.0516 0.0403
0 0.1593 0.7885 0.0405 0.0312
0 0.7133 0.7914 0.0713 0.0681
0 0.0617 0.8352 0.0360 0.0341
0 0.0721 0.0846 0.0414 0.0341
0 0.1784 0.2329 0.0671 0.0614
0 0.3477 0.9143 0.0580 0.0490
0 0.0693 0.0664 0.0513 0.0651
0 0.0262 0.7056 0.0524 0.0715
0 0.4775 0.4677 0.2886 0.2460
0 0.7797 0.8314 0.4228 0.2629
0 0.6137 0.8315 0.0422 0.0291
0 0.2787 0.2659 0.2157 0.1828
0 0.6414 0.7509 0.0746 0.0621
