0 0.1654 0.6946 0.0879 0.0918
0 0.4593 0.9712 0.1316 0.0567
0 0.3149 0.4759 0.1099 0.1185
0 0.6964 0.6675 0.1822 0.1820
0 0.0638 0.6793 0.0561 0.0582
0 0.5518 0.8061 0.0635 0.1539
0 0.4279 0.2384 0.0721 0.0675
0 0.2124 0.3696 0.0980 0.0681
0 0.3083 0.0654 0.0814 0.0850
0 0.3948 0.6060 0.0478 0.0812
0 0.3882 0.0500 0.0412 0.0445
0 0.4752 0.7406 0.0842 0.0875
0 0.3612 0.1620 0.0473 0.0454
0 0.5694 0.9338 0.0587 0.0559
0 0.2184 0.4341 0.0767 0.0750
0 0.2336 0.7083 0.0918 0.0756
0 0.5731 0.3345 0.0917 0.0701
0 0.9014 0.8168 0.1972 0.2200
0 0.4908 0.2914 0.0547 0.0643
0 0.3336 0.8220 0.0415 0.0316
0 0.5524 0.2821 0.0474 0.0345
0 0.3883 0.7989 0.0386 0.0332
0 0.1303 0.2288 0.1806 0.1602
0 0.8405 0.8578 0.0452 0.0316
0 0.2852 0.0354 0.0284 0.0258
0 0.6476 0.7029 0.0812 0.1276
0 0.6093 0.3989 0.0707 0.0528
0 0.2881 0.8408 0.0357 0.0340
0 0.8429 0.7444 0.0485 0.0388
0 0.9503 0.8784 0.0665 0.0481
0 0.9479 0.8230 0.0629 0.0701
0 0.2107 0.4157 0.1071 0.1634
0 0.7413 0.4957 0.2465 0.2170
