0 0.1655 0.6948 0.0872 0.0919
0 0.4591 0.9713 0.1306 0.0568
0 0.0620 0.6801 0.0614 0.0600
0 0.3149 0.4760 0.1097 0.1186
0 0.6990 0.6717 0.1815 0.1721
0 0.5517 0.8068 0.0640 0.1523
0 0.3080 0.0657 0.0812 0.0851
0 0.2090 0.3706 0.0970 0.0656
0 0.4282 0.2385 0.0712 0.0666
0 0.4752 0.7414 0.0846 0.0888
0 0.3884 0.0501 0.0407 0.0446
0 0.3614 0.1621 0.0471 0.0452
0 0.3945 0.6061 0.0468 0.0805
0 0.2418 0.7067 0.0913 0.0745
0 0.2192 0.4340 0.0791 0.0719
0 0.3338 0.8223 0.0402 0.0317
0 0.5734 0.3377 0.0906 0.0670
0 0.9022 0.8133 0.1956 0.2142
0 0.5694 0.9340 0.0590 0.0559
0 0.5525 0.2824 0.0473 0.0344
0 0.3884 0.7992 0.0390 0.0331
0 0.4909 0.2916 0.0533 0.0636
0 0.8404 0.8577 0.0456 0.0321
0 0.6079 0.3998 0.0715 0.0539
0 0.8429 0.7441 0.0480 0.0390
0 0.6476 0.7030 0.0809 0.1286
0 0.1314 0.2309 0.1792 0.1593
0 0.9513 0.8777 0.0670 0.0477
0 0.2855 0.0353 0.0282 0.0252
0 0.2879 0.8411 0.0359 0.0336
0 0.9474 0.8224 0.0622 0.0698
0 0.2110 0.4161 0.1051 0.1616
0 0.7509 0.4844 0.2274 0.1771
