0 0.1653 0.6958 0.0881 0.0899
0 0.2095 0.3718 0.0926 0.0653
0 0.3147 0.4742 0.1086 0.1180
0 0.0644 0.6792 0.0549 0.0588
0 0.4588 0.9701 0.1384 0.0581
0 0.2406 0.7045 0.0894 0.0782
0 0.3607 0.1636 0.0482 0.0476
0 0.2173 0.4345 0.0823 0.0799
0 0.4753 0.7401 0.0821 0.0863
0 0.5543 0.8156 0.0553 0.1249
0 0.2859 0.0337 0.0279 0.0294
0 0.2107 0.4174 0.1070 0.1653
0 0.3869 0.0500 0.0405 0.0450
0 0.4275 0.2406 0.0701 0.0656
0 0.3919 0.6106 0.0424 0.0782
0 0.3253 0.0912 0.0353 0.0338
0 0.8708 0.7835 0.0772 0.0659
0 0.6446 0.6984 0.0773 0.1193
0 0.2879 0.8394 0.0355 0.0376
0 0.1583 0.2578 0.0850 0.0865
0 0.3850 0.8000 0.0403 0.0254
0 0.0777 0.2563 0.0671 0.0865
