0 0.0617 0.0489 0.0209 0.0321
0 0.0695 0.0840 0.0261 0.0312
0 0.1300 0.0363 0.0426 0.0486
0 0.1074 0.1534 0.0391 0.0434
0 0.1796 0.2307 0.0565 0.0451
0 0.2478 0.2702 0.0417 0.0686
0 0.3331 0.3170 0.0887 0.0720
0 0.3644 0.3821 0.0591 0.0495
0 0.0748 0.4693 0.1131 0.1093
0 0.1609 0.5934 0.0487 0.0850
0 0.0252 0.7018 0.0504 0.0607
0 0.4170 0.6853 0.0757 0.1232
0 0.4557 0.6424 0.1009 0.0981
0 0.4583 0.4198 0.0661 0.0573
0 0.6074 0.7118 0.0461 0.0408
0 0.6422 0.7474 0.0670 0.0807
0 0.7166 0.7886 0.0644 0.0573
0 0.7240 0.8415 0.0704 0.0503
0 0.7700 0.8329 0.0461 0.1007
0 0.8592 0.8528 0.1165 0.0816
0 0.9613 0.8979 0.0773 0.0555
0 0.7905 0.8064 0.4174 0.2577
0 0.4118 0.4033 0.0339 0.0659
0 0.4361 0.4823 0.0548 0.0503
0 0.1596 0.7877 0.0322 0.0295
0 0.1052 0.8142 0.0261 0.0234
0 0.0613 0.8337 0.0287 0.0312
