0 0.0641 0.6796 0.0570 0.0583
0 0.3604 0.1613 0.0486 0.0509
0 0.4285 0.2368 0.0676 0.0717
0 0.3174 0.4793 0.1040 0.1235
0 0.2109 0.3689 0.0983 0.0697
0 0.3932 0.6055 0.0480 0.0882
0 0.2366 0.7084 0.0933 0.0805
0 0.4593 0.9691 0.1281 0.0618
0 0.4775 0.7399 0.0818 0.0904
0 0.1668 0.6965 0.0835 0.0942
0 0.2087 0.4168 0.1014 0.1706
0 0.6956 0.6683 0.1880 0.1909
0 0.1274 0.2419 0.1852 0.1355
0 0.5725 0.3340 0.0962 0.0769
0 0.3884 0.7992 0.0424 0.0308
0 0.8992 0.8201 0.1992 0.2249
0 0.5499 0.8064 0.0608 0.1550
0 0.8388 0.8585 0.0482 0.0324
0 0.3828 0.0481 0.0528 0.0525
0 0.4908 0.2904 0.0611 0.0719
0 0.7816 0.5265 0.1306 0.1020
0 0.6908 0.4408 0.1082 0.0735
0 0.6776 0.5163 0.0735 0.0776
0 0.6173 0.4061 0.1000 0.0571
