0 0.0242 0.6990 0.0484 0.0740
0 0.1577 0.7891 0.0399 0.0297
0 0.1074 0.1534 0.0498 0.0482
0 0.1596 0.5944 0.0505 0.0924
0 0.1792 0.2258 0.0742 0.0701
0 0.1054 0.8130 0.0432 0.0311
0 0.3248 0.3153 0.0892 0.0622
0 0.3470 0.9129 0.0604 0.0564
0 0.3302 0.8467 0.0334 0.0303
0 0.0713 0.0826 0.0444 0.0386
0 0.1127 0.6471 0.0300 0.0295
0 0.2543 0.9893 0.0553 0.0214
0 0.7139 0.7933 0.0705 0.0753
0 0.0612 0.8356 0.0363 0.0339
0 0.1278 0.0407 0.0453 0.0494
0 0.3667 0.3827 0.0878 0.0633
0 0.9568 0.9010 0.0859 0.0714
0 0.2483 0.7264 0.0943 0.0930
0 0.3274 0.7930 0.0444 0.0701
0 0.0764 0.4724 0.1256 0.1123
0 0.2042 0.0849 0.0406 0.0504
0 0.2378 0.9585 0.1314 0.0741
0 0.7288 0.5549 0.0295 0.0361
0 0.4183 0.6823 0.0900 0.1386
0 0.0642 0.2325 0.0225 0.0203
0 0.7233 0.8496 0.0659 0.0503
0 0.0095 0.4739 0.0189 0.0331
0 0.4878 0.4722 0.2118 0.1736
0 0.4705 0.6424 0.1910 0.1632
0 0.8012 0.8368 0.3733 0.2326
