0 0.0769 0.4691 0.1107 0.1316
0 0.3200 0.7837 0.0664 0.1490
0 0.2349 0.9592 0.1334 0.0649
0 0.1593 0.5941 0.0468 0.0835
0 0.4667 0.6391 0.1881 0.1591
0 0.1768 0.2257 0.0701 0.0710
0 0.1111 0.1531 0.0457 0.0456
0 0.3476 0.9131 0.0574 0.0528
0 0.2430 0.7260 0.0806 0.0927
0 0.1049 0.8130 0.0393 0.0337
0 0.4736 0.4593 0.3178 0.2259
0 0.0826 0.0551 0.1447 0.1001
0 0.1601 0.7901 0.0406 0.0341
0 0.0249 0.7055 0.0498 0.0774
0 0.0617 0.8346 0.0351 0.0342
0 0.7083 0.7886 0.0546 0.0569
0 0.2908 0.2634 0.1774 0.1871
0 0.7847 0.8217 0.4099 0.2634
