0 0.1580 0.5951 0.0466 0.0888
0 0.1782 0.2263 0.0684 0.0702
0 0.1105 0.1536 0.0467 0.0502
0 0.2373 0.9602 0.1278 0.0716
0 0.0757 0.4699 0.1183 0.1166
0 0.0235 0.7055 0.0469 0.0734
0 0.4602 0.6500 0.1819 0.1927
0 0.2469 0.7254 0.0807 0.0887
0 0.3218 0.7924 0.0590 0.1511
0 0.3270 0.3178 0.0976 0.0751
0 0.7153 0.7925 0.0685 0.0734
0 0.2455 0.2761 0.0476 0.0654
0 0.2739 0.2177 0.0662 0.0747
0 0.3646 0.3792 0.0693 0.0506
0 0.4438 0.4107 0.1077 0.0766
0 0.5103 0.4885 0.2271 0.0852
0 0.6272 0.7377 0.0996 0.1062
0 0.8367 0.8421 0.1770 0.0975
0 0.9391 0.9044 0.1120 0.0877
0 0.1285 0.0381 0.0538 0.0488
0 0.0769 0.0693 0.0569 0.0815
