0 0.0755 0.6788 0.0365 0.0590
0 0.0469 0.6953 0.0174 0.0399
0 0.1649 0.7014 0.0660 0.0972
0 0.2396 0.7127 0.0799 0.0816
0 0.5720 0.9349 0.0573 0.0608
0 0.4575 0.9705 0.1372 0.0590
0 0.3333 0.8220 0.1389 0.0851
0 0.3663 0.1649 0.0521 0.0486
0 0.3299 0.1007 0.0417 0.0417
0 0.2795 0.0304 0.0312 0.0365
0 0.3620 0.0391 0.1024 0.0781
0 0.4609 0.1016 0.0399 0.0608
0 0.4262 0.2405 0.0712 0.0712
0 0.4948 0.2969 0.0625 0.0694
0 0.5200 0.2318 0.0642 0.0851
0 0.0807 0.2552 0.0608 0.0660
0 0.3967 0.6059 0.0434 0.0972
0 0.4731 0.7431 0.0851 0.1007
0 0.5582 0.8168 0.0469 0.1372
0 0.2083 0.3655 0.1111 0.0781
0 0.2231 0.4366 0.0781 0.0781
0 0.3203 0.4731 0.1128 0.1163
0 0.3464 0.6597 0.0295 0.0347
0 0.1771 0.2344 0.1528 0.1840
0 0.5764 0.3203 0.1042 0.1163
0 0.6068 0.4002 0.0781 0.0677
0 0.8967 0.8168 0.2066 0.2344
0 0.9661 0.5938 0.0365 0.0312
0 0.8003 0.5451 0.1667 0.1562
0 0.6918 0.4297 0.1198 0.0851
0 0.6849 0.5269 0.0851 0.0851
0 0.6979 0.6719 0.1632 0.1840
