0 0.1793 0.2251 0.0687 0.0647
0 0.1097 0.1548 0.0444 0.0452
0 0.0758 0.4768 0.1017 0.1218
0 0.0246 0.7081 0.0491 0.0634
0 0.3257 0.3194 0.0885 0.0669
0 0.4184 0.7021 0.0775 0.0932
0 0.1564 0.5946 0.0418 0.0750
0 0.2421 0.2713 0.0530 0.0621
0 0.0797 0.0381 0.1480 0.0748
0 0.0615 0.8367 0.0321 0.0327
0 0.1145 0.6452 0.0342 0.0285
0 0.3635 0.3795 0.0703 0.0514
0 0.4498 0.4264 0.1250 0.0620
0 0.4719 0.6261 0.1610 0.1582
0 0.6234 0.7362 0.1144 0.1052
0 0.8428 0.8512 0.3097 0.1859
0 0.3305 0.7956 0.0515 0.1353
0 0.2369 0.9615 0.1258 0.0497
