0 0.0643 0.6804 0.0597 0.0596
0 0.3605 0.1608 0.0483 0.0501
0 0.4290 0.2374 0.0707 0.0701
0 0.3173 0.4786 0.1039 0.1217
0 0.2108 0.3689 0.0989 0.0697
0 0.4768 0.7406 0.0813 0.0890
0 0.3937 0.6039 0.0476 0.0870
0 0.1678 0.6960 0.0854 0.0937
0 0.4589 0.9687 0.1295 0.0620
0 0.6942 0.6701 0.1864 0.1941
0 0.2092 0.4161 0.1040 0.1668
0 0.1294 0.2319 0.1822 0.1668
0 0.2358 0.7076 0.0920 0.0800
0 0.3853 0.0484 0.0469 0.0517
0 0.2839 0.0359 0.0318 0.0291
0 0.5728 0.3348 0.0966 0.0759
0 0.5504 0.8063 0.0596 0.1555
0 0.8996 0.8181 0.1965 0.2145
0 0.4909 0.2908 0.0612 0.0719
0 0.3315 0.8210 0.0408 0.0310
0 0.7600 0.5111 0.3538 0.2595
