0 0.3592 0.1596 0.0513 0.0516
0 0.3883 0.7990 0.0410 0.0318
0 0.2145 0.3669 0.1095 0.0831
0 0.3323 0.8220 0.0417 0.0328
0 0.4295 0.2374 0.0720 0.0704
0 0.3955 0.6050 0.0522 0.0919
0 0.0640 0.6797 0.0616 0.0601
0 0.3847 0.0475 0.0518 0.0525
0 0.2845 0.0358 0.0295 0.0309
0 0.5696 0.9322 0.0596 0.0576
0 0.1750 0.6958 0.0995 0.1002
0 0.5565 0.8625 0.0333 0.0306
0 0.5741 0.3345 0.0976 0.0763
0 0.2321 0.7093 0.1003 0.0768
0 0.3165 0.4741 0.1231 0.1281
0 0.2875 0.8422 0.0359 0.0318
0 0.6085 0.3992 0.0789 0.0575
0 0.5511 0.2819 0.0569 0.0438
0 0.4602 0.9700 0.1336 0.0572
0 0.3456 0.6545 0.0318 0.0281
0 0.3236 0.0883 0.0496 0.0415
0 0.9450 0.8252 0.0723 0.0788
0 0.8400 0.8576 0.0503 0.0310
0 0.4898 0.2926 0.0660 0.0704
0 0.4796 0.7399 0.0939 0.0919
0 0.4560 0.0951 0.0420 0.0563
0 0.6911 0.6705 0.1522 0.1154
0 0.8778 0.6727 0.0242 0.0195
0 0.2193 0.4306 0.0866 0.0856
0 0.9626 0.9350 0.0336 0.0217
0 0.9661 0.5906 0.0273 0.0359
0 0.1042 0.2166 0.1495 0.1627
0 0.1854 0.4854 0.0377 0.0329
0 0.7539 0.4971 0.2330 0.2090
0 0.7927 0.5391 0.1659 0.1439
0 0.8736 0.7562 0.1512 0.1257
0 0.5352 0.7918 0.0971 0.0887
0 0.9561 0.8767 0.0879 0.0681
