0 0.1653 0.6943 0.0869 0.0907
0 0.4596 0.9707 0.1317 0.0567
0 0.3157 0.4754 0.1101 0.1200
0 0.0619 0.6799 0.0611 0.0584
0 0.2103 0.3675 0.1026 0.0642
0 0.5517 0.8045 0.0651 0.1549
0 0.3950 0.6058 0.0488 0.0829
0 0.4281 0.2378 0.0737 0.0682
0 0.6939 0.6694 0.1926 0.1843
0 0.3616 0.1614 0.0489 0.0464
0 0.4756 0.7408 0.0849 0.0873
0 0.3333 0.8213 0.0406 0.0309
0 0.5700 0.9326 0.0610 0.0541
0 0.5719 0.3344 0.0936 0.0708
0 0.3079 0.0649 0.0814 0.0871
0 0.2180 0.4335 0.0779 0.0745
0 0.3880 0.7992 0.0395 0.0327
0 0.3885 0.0512 0.0399 0.0438
0 0.4910 0.2913 0.0558 0.0649
0 0.2377 0.7065 0.0928 0.0743
0 0.9526 0.8783 0.0706 0.0500
0 0.2851 0.0347 0.0287 0.0271
0 0.8402 0.8579 0.0451 0.0319
0 0.5524 0.2816 0.0491 0.0339
0 0.2883 0.8407 0.0349 0.0327
0 0.8431 0.7441 0.0486 0.0396
0 0.1142 0.2229 0.1406 0.1493
0 0.9458 0.8210 0.0641 0.0684
0 0.6078 0.3992 0.0719 0.0562
0 0.5249 0.2354 0.0623 0.0812
0 0.9688 0.5888 0.0294 0.0355
0 0.4527 0.0924 0.0532 0.0626
0 0.6510 0.7043 0.0905 0.1364
0 0.2088 0.4163 0.1108 0.1605
0 0.7032 0.4443 0.0785 0.0477
0 0.9010 0.8047 0.1945 0.2003
0 0.6537 0.4243 0.0480 0.0553
0 0.7403 0.5357 0.2227 0.1435
