0 0.0743 0.4665 0.1152 0.1237
0 0.3213 0.7888 0.0629 0.1495
0 0.1604 0.5956 0.0544 0.0879
0 0.6134 0.8324 0.0468 0.0333
0 0.4613 0.6500 0.1903 0.2088
0 0.4158 0.6858 0.0868 0.1379
0 0.3465 0.9138 0.0617 0.0556
0 0.0252 0.7054 0.0504 0.0791
0 0.7186 0.7944 0.0649 0.0688
0 0.4754 0.4575 0.3032 0.2223
0 0.6413 0.7505 0.0760 0.0673
0 0.6125 0.7168 0.0499 0.0403
0 0.5553 0.5099 0.1508 0.1199
0 0.2374 0.9571 0.1360 0.0615
0 0.0624 0.8352 0.0319 0.0314
0 0.2162 0.2045 0.3409 0.2870
0 0.8408 0.8512 0.3133 0.2437
