0 0.1101 0.1533 0.0471 0.0492
0 0.0247 0.7028 0.0494 0.0725
0 0.0764 0.4693 0.1063 0.1206
0 0.1779 0.2268 0.0691 0.0701
0 0.1569 0.5955 0.0476 0.0884
0 0.2438 0.7257 0.0849 0.0932
0 0.3486 0.9132 0.0578 0.0560
0 0.3209 0.7876 0.0591 0.1519
0 0.3272 0.3193 0.0955 0.0731
0 0.4579 0.6567 0.1797 0.1965
0 0.3611 0.3815 0.0759 0.0539
0 0.2363 0.9605 0.1253 0.0700
0 0.4153 0.6883 0.0833 0.1366
0 0.1296 0.0405 0.0443 0.0492
0 0.6281 0.7420 0.1116 0.0987
0 0.1588 0.7889 0.0410 0.0313
0 0.6130 0.8312 0.0476 0.0304
0 0.8469 0.8571 0.3061 0.1959
0 0.5041 0.4694 0.2367 0.1837
0 0.2806 0.2469 0.1082 0.1469
