0 0.1642 0.6950 0.0898 0.0928
0 0.4591 0.9702 0.1325 0.0583
0 0.0636 0.6802 0.0572 0.0571
0 0.3155 0.4766 0.1098 0.1210
0 0.5501 0.8053 0.0660 0.1533
0 0.4268 0.2387 0.0733 0.0672
0 0.4759 0.7402 0.0844 0.0865
0 0.2094 0.3711 0.0982 0.0674
0 0.3609 0.1617 0.0490 0.0469
0 0.3874 0.0508 0.0418 0.0447
0 0.3951 0.6054 0.0481 0.0825
0 0.6955 0.6750 0.1899 0.1637
0 0.5689 0.9329 0.0623 0.0564
0 0.2188 0.4341 0.0771 0.0738
0 0.5730 0.3339 0.0947 0.0731
0 0.5531 0.2816 0.0491 0.0346
0 0.4901 0.2915 0.0566 0.0661
0 0.8403 0.8585 0.0471 0.0314
0 0.3055 0.0657 0.0844 0.0916
0 0.3332 0.8213 0.0399 0.0316
0 0.2269 0.7043 0.1120 0.0839
0 0.9010 0.8156 0.1979 0.2285
0 0.3879 0.7987 0.0395 0.0328
0 0.2857 0.0356 0.0296 0.0288
0 0.6075 0.4001 0.0729 0.0558
0 0.2873 0.8401 0.0341 0.0333
0 0.9473 0.8234 0.0604 0.0702
0 0.4560 0.0940 0.0475 0.0549
0 0.7030 0.4443 0.0767 0.0485
0 0.8428 0.7444 0.0493 0.0398
0 0.7403 0.5426 0.2108 0.1651
0 0.1354 0.2241 0.2108 0.2005
