0 0.2118 0.4210 0.1111 0.1719
0 0.3186 0.4826 0.1163 0.1250
0 0.3568 0.1589 0.0503 0.0538
0 0.4253 0.2335 0.0764 0.0677
0 0.5417 0.2812 0.1597 0.1667
0 0.7161 0.4870 0.2899 0.2309
0 0.9549 0.8524 0.0903 0.1389
0 0.8741 0.7682 0.1372 0.1024
0 0.6970 0.6719 0.1858 0.1354
0 0.5764 0.9332 0.0556 0.0712
0 0.4583 0.9653 0.1319 0.0590
0 0.3819 0.6172 0.0938 0.1094
0 0.2083 0.7014 0.1458 0.0938
0 0.0651 0.6814 0.0781 0.0712
0 0.0651 0.2691 0.0469 0.0729
0 0.3316 0.0547 0.1528 0.1094
0 0.5113 0.7682 0.1441 0.1510
