0 0.1653 0.6944 0.0871 0.0917
0 0.4597 0.9704 0.1315 0.0582
0 0.3154 0.4759 0.1102 0.1186
0 0.6982 0.6721 0.1864 0.1801
0 0.5510 0.8060 0.0658 0.1537
0 0.4277 0.2387 0.0723 0.0683
0 0.0638 0.6802 0.0556 0.0584
0 0.3948 0.6064 0.0480 0.0815
0 0.2110 0.3678 0.0998 0.0635
0 0.3610 0.1618 0.0484 0.0461
0 0.4754 0.7407 0.0843 0.0865
0 0.3083 0.0650 0.0820 0.0869
0 0.3883 0.0501 0.0404 0.0447
0 0.5737 0.3336 0.0951 0.0739
0 0.2179 0.4337 0.0802 0.0731
0 0.5710 0.9317 0.0602 0.0543
0 0.2264 0.7035 0.1132 0.0861
0 0.4904 0.2922 0.0565 0.0647
0 0.8997 0.8145 0.2007 0.2254
0 0.3883 0.7991 0.0394 0.0329
0 0.3335 0.8221 0.0396 0.0309
0 0.5528 0.2815 0.0481 0.0339
0 0.8410 0.8577 0.0460 0.0312
0 0.9664 0.5885 0.0296 0.0339
0 0.2850 0.0355 0.0283 0.0272
0 0.9471 0.8235 0.0618 0.0699
0 0.1295 0.2287 0.1780 0.1572
0 0.6080 0.3998 0.0726 0.0565
0 0.2096 0.4160 0.1076 0.1652
0 0.6490 0.7034 0.0857 0.1319
0 0.3272 0.0913 0.0408 0.0340
0 0.7029 0.4440 0.0764 0.0490
0 0.4557 0.0938 0.0502 0.0564
0 0.2877 0.8410 0.0356 0.0337
0 0.7384 0.5377 0.2187 0.1631
