0 0.3678 0.3829 0.0329 0.0322
0 0.9024 0.5146 0.0368 0.0350
0 0.1362 0.3938 0.1316 0.1215
0 0.4628 0.3407 0.0315 0.0309
0 0.1245 0.0828 0.0344 0.0272
0 0.9428 0.5629 0.0338 0.0600
0 0.9763 0.5485 0.0474 0.0554
0 0.1573 0.3092 0.0584 0.0623
0 0.3809 0.2947 0.0345 0.0296
0 0.7528 0.5383 0.0459 0.0305
0 0.1295 0.3055 0.1213 0.0753
0 0.1560 0.0274 0.0325 0.0479
0 0.5792 0.2798 0.0353 0.0450
0 0.2243 0.0702 0.0261 0.0199
0 0.7882 0.4653 0.3299 0.1944
0 0.2526 0.1936 0.2274 0.1198
0 0.4540 0.1606 0.2066 0.1094
