0 0.1332 0.0402 0.0429 0.0541
0 0.0254 0.0278 0.0237 0.0270
0 0.0734 0.0841 0.0339 0.0248
0 0.0623 0.0490 0.0230 0.0291
0 0.1110 0.1542 0.0387 0.0408
0 0.1804 0.2251 0.0600 0.0672
0 0.2441 0.2696 0.0535 0.0677
0 0.2667 0.2193 0.0448 0.0781
0 0.3036 0.2652 0.0448 0.0295
0 0.3291 0.3182 0.0922 0.0694
0 0.3643 0.3815 0.0678 0.0477
0 0.0745 0.4704 0.1013 0.1154
0 0.1584 0.5945 0.0491 0.0902
0 0.0228 0.6991 0.0456 0.0720
0 0.0584 0.8360 0.0265 0.0325
0 0.1073 0.8121 0.0383 0.0343
0 0.1604 0.7882 0.0348 0.0256
0 0.2458 0.7238 0.0743 0.0859
0 0.3256 0.7724 0.0426 0.0928
0 0.3341 0.8455 0.0248 0.0317
0 0.3463 0.9088 0.0526 0.0508
0 0.2395 0.9533 0.1157 0.0486
0 0.9573 0.8984 0.0757 0.0768
0 0.9019 0.9301 0.0213 0.0803
0 0.8576 0.8585 0.1283 0.1080
0 0.7930 0.8891 0.0504 0.0425
0 0.7812 0.8329 0.0574 0.1167
0 0.7134 0.7904 0.0643 0.0655
0 0.7208 0.8488 0.0730 0.0521
0 0.7369 0.7405 0.0470 0.0351
0 0.6947 0.7401 0.0339 0.0369
0 0.6408 0.7531 0.0730 0.0725
0 0.6178 0.8307 0.0443 0.0325
0 0.5884 0.7019 0.0283 0.0351
0 0.5813 0.7607 0.0270 0.0469
0 0.4171 0.6876 0.0804 0.1254
0 0.4573 0.6527 0.1078 0.0920
0 0.5034 0.6399 0.1026 0.1245
0 0.5504 0.5088 0.1461 0.1028
0 0.4569 0.4221 0.0870 0.0412
0 0.4358 0.4780 0.0604 0.0638
