0 0.3301 0.8467 0.0335 0.0299
0 0.1070 0.1532 0.0495 0.0492
0 0.1595 0.5934 0.0510 0.0931
0 0.1809 0.2244 0.0737 0.0734
0 0.3481 0.9128 0.0588 0.0576
0 0.1576 0.7882 0.0406 0.0308
0 0.0239 0.6997 0.0478 0.0702
0 0.1055 0.8125 0.0431 0.0315
0 0.3658 0.3809 0.0829 0.0601
0 0.0766 0.4659 0.1230 0.1215
0 0.1127 0.6468 0.0306 0.0297
0 0.3288 0.3167 0.1016 0.0705
0 0.0610 0.8355 0.0361 0.0349
0 0.3282 0.7943 0.0461 0.0657
0 0.0709 0.0824 0.0456 0.0407
0 0.1281 0.0395 0.0455 0.0522
0 0.7215 0.8500 0.0674 0.0529
0 0.2528 0.9887 0.0545 0.0226
0 0.2378 0.9563 0.1329 0.0714
0 0.2035 0.0835 0.0396 0.0488
0 0.9533 0.9013 0.0933 0.0762
0 0.7144 0.7940 0.0697 0.0737
0 0.2494 0.7262 0.0957 0.0948
0 0.1121 0.5762 0.0233 0.0225
0 0.4536 0.6478 0.1412 0.1132
0 0.7284 0.5571 0.0344 0.0345
0 0.4173 0.6862 0.0919 0.1298
0 0.3015 0.2666 0.0599 0.0360
0 0.6133 0.8308 0.0496 0.0312
0 0.7397 0.9037 0.0295 0.0272
0 0.9010 0.9572 0.0290 0.0288
0 0.0265 0.0310 0.0339 0.0307
0 0.0643 0.2327 0.0234 0.0207
0 0.5139 0.4861 0.2569 0.1493
0 0.6363 0.7326 0.1441 0.1111
0 0.8611 0.8611 0.2639 0.1250
0 0.2786 0.2439 0.1267 0.1372
