0 0.0746 0.6753 0.0292 0.0361
0 0.0514 0.6925 0.0310 0.0292
0 0.0609 0.6796 0.0671 0.0619
0 0.1684 0.6942 0.0791 0.0877
0 0.2381 0.7115 0.0740 0.0637
0 0.1951 0.7003 0.1531 0.0929
0 0.3490 0.6547 0.0206 0.0258
0 0.3920 0.6108 0.0344 0.0791
0 0.3155 0.4835 0.1015 0.1273
0 0.1839 0.4826 0.0310 0.0258
0 0.2200 0.4336 0.0757 0.0791
0 0.2088 0.4181 0.1049 0.1617
0 0.3258 0.0912 0.0396 0.0310
0 0.3206 0.0551 0.0292 0.0310
0 0.3112 0.0663 0.0723 0.0809
0 0.3611 0.1592 0.0378 0.0396
0 0.3860 0.0499 0.0327 0.0447
0 0.4273 0.2323 0.0671 0.0757
0 0.4927 0.2934 0.0602 0.0637
0 0.5357 0.2469 0.0912 0.1084
0 0.5744 0.3381 0.0963 0.0774
0 0.6097 0.3992 0.0637 0.0551
0 0.4574 0.9669 0.1308 0.0585
0 0.7258 0.4887 0.2959 0.2340
0 0.8067 0.7656 0.3854 0.3166
