0 0.1659 0.6948 0.0884 0.0908
0 0.3179 0.4772 0.1056 0.1275
0 0.4599 0.9705 0.1331 0.0567
0 0.0641 0.6792 0.0545 0.0576
0 0.4282 0.2379 0.0704 0.0668
0 0.5517 0.8066 0.0635 0.1541
0 0.3951 0.6062 0.0483 0.0829
0 0.2093 0.3703 0.0992 0.0661
0 0.6960 0.6688 0.1870 0.1855
0 0.3616 0.1616 0.0486 0.0459
0 0.5720 0.9315 0.0595 0.0548
0 0.4750 0.7395 0.0835 0.0880
0 0.2177 0.4315 0.0841 0.0709
0 0.5727 0.3343 0.0934 0.0716
0 0.3339 0.8213 0.0409 0.0303
0 0.2882 0.8410 0.0328 0.0306
0 0.2236 0.7043 0.1162 0.0854
0 0.2853 0.0353 0.0286 0.0266
0 0.3085 0.0646 0.0836 0.0855
0 0.5527 0.2819 0.0483 0.0334
0 0.3884 0.0509 0.0402 0.0434
0 0.4899 0.2926 0.0567 0.0646
0 0.1080 0.2249 0.1363 0.1370
0 0.9669 0.5888 0.0317 0.0354
0 0.2099 0.4166 0.1098 0.1663
0 0.7030 0.4457 0.0746 0.0489
0 0.9459 0.8222 0.0612 0.0665
0 0.6088 0.3992 0.0749 0.0562
0 0.8434 0.7444 0.0486 0.0392
0 0.3880 0.7989 0.0376 0.0314
0 0.5243 0.2366 0.0595 0.0801
0 0.6466 0.7041 0.0833 0.1253
0 0.8141 0.5335 0.1150 0.1036
0 0.8394 0.8564 0.0448 0.0318
0 0.9517 0.8779 0.0699 0.0501
0 0.1329 0.2317 0.1716 0.1656
0 0.9010 0.8306 0.1980 0.2476
0 0.3440 0.6546 0.0269 0.0269
0 0.7043 0.5076 0.1358 0.1149
