0 0.0638 0.6784 0.0551 0.0548
0 0.3933 0.6067 0.0468 0.0832
0 0.3150 0.4810 0.1107 0.1046
0 0.5758 0.3352 0.0959 0.0674
0 0.2377 0.7065 0.0874 0.0722
0 0.4771 0.7414 0.0817 0.0884
0 0.3894 0.7984 0.0399 0.0301
0 0.1397 0.2508 0.0704 0.0800
0 0.2101 0.4138 0.1017 0.1673
0 0.2091 0.3694 0.0971 0.0719
0 0.5529 0.8053 0.0591 0.1492
0 0.5509 0.2817 0.0504 0.0391
0 0.7411 0.4965 0.2379 0.1928
0 0.4913 0.2894 0.0596 0.0672
0 0.1600 0.7122 0.0618 0.0587
0 0.9009 0.8204 0.1926 0.2048
0 0.9439 0.8233 0.0659 0.0716
0 0.6991 0.6696 0.1793 0.1563
0 0.8391 0.8571 0.0489 0.0295
0 0.2853 0.0350 0.0286 0.0298
0 0.4674 0.9693 0.1534 0.0613
0 0.2148 0.4333 0.0792 0.0826
0 0.2016 0.7013 0.1572 0.0878
0 0.6082 0.3949 0.0837 0.0510
