0 0.0633 0.6793 0.0560 0.0561
0 0.1703 0.6999 0.0789 0.0786
0 0.2394 0.7110 0.0851 0.0703
0 0.3179 0.4831 0.0975 0.1154
0 0.5698 0.9338 0.0539 0.0544
0 0.4289 0.2392 0.0598 0.0587
0 0.3599 0.1638 0.0487 0.0460
0 0.4605 0.9718 0.1187 0.0545
0 0.2111 0.3730 0.0863 0.0673
0 0.8406 0.8591 0.0490 0.0296
0 0.3942 0.6065 0.0434 0.0738
0 0.4788 0.7394 0.0759 0.0843
0 0.3900 0.7979 0.0381 0.0311
0 0.6995 0.6629 0.1752 0.1986
0 0.2111 0.4113 0.0942 0.1455
0 0.5536 0.8045 0.0552 0.1596
0 0.2851 0.8396 0.0373 0.0388
0 0.3313 0.8232 0.0373 0.0388
0 0.3343 0.8209 0.1596 0.1000
0 0.8535 0.7642 0.1149 0.1179
0 0.1404 0.2630 0.1924 0.1268
