0 0.4696 0.6510 0.1892 0.1632
0 0.3238 0.7908 0.0538 0.1337
0 0.1580 0.5981 0.0625 0.1059
0 0.0686 0.4661 0.1198 0.1094
0 0.1094 0.1502 0.0451 0.0469
0 0.1806 0.2335 0.0660 0.0816
0 0.2448 0.2786 0.0556 0.0677
0 0.3325 0.3203 0.0990 0.0781
0 0.3663 0.3802 0.0694 0.0590
0 0.5087 0.4809 0.2153 0.1667
0 0.7283 0.5573 0.0365 0.0417
0 0.6641 0.7326 0.1927 0.1319
0 0.8273 0.8602 0.3455 0.1858
0 0.2448 0.9627 0.1250 0.0747
0 0.0851 0.8255 0.0868 0.0642
0 0.0200 0.6970 0.0399 0.0677
0 0.0868 0.0330 0.1354 0.0660
