0 0.0646 0.6796 0.0602 0.0630
0 0.3605 0.1607 0.0494 0.0515
0 0.4290 0.2368 0.0707 0.0702
0 0.3176 0.4781 0.1035 0.1209
0 0.1672 0.6963 0.0851 0.0937
0 0.3936 0.6043 0.0474 0.0870
0 0.2109 0.3687 0.0980 0.0698
0 0.4768 0.7403 0.0873 0.0913
0 0.2371 0.7083 0.0929 0.0805
0 0.2089 0.4160 0.1033 0.1683
0 0.2846 0.0361 0.0319 0.0291
0 0.6933 0.6694 0.1842 0.1943
0 0.3855 0.0486 0.0469 0.0517
0 0.5726 0.9306 0.0610 0.0548
0 0.4591 0.9691 0.1277 0.0596
0 0.2872 0.8409 0.0357 0.0330
0 0.1294 0.2332 0.1833 0.1625
0 0.5500 0.8058 0.0615 0.1563
0 0.8395 0.8581 0.0470 0.0306
0 0.5736 0.3368 0.1003 0.0692
0 0.3885 0.7987 0.0421 0.0320
0 0.8998 0.8188 0.1952 0.2267
0 0.3323 0.8216 0.0416 0.0307
0 0.4902 0.2912 0.0601 0.0715
0 0.7098 0.4885 0.2693 0.2221
0 0.4455 0.0807 0.0275 0.0826
