0 0.0641 0.6800 0.0598 0.0611
0 0.3606 0.1610 0.0482 0.0505
0 0.4288 0.2368 0.0714 0.0709
0 0.3170 0.4777 0.1026 0.1206
0 0.1668 0.6962 0.0844 0.0942
0 0.2110 0.3688 0.0974 0.0703
0 0.2376 0.7086 0.0920 0.0815
0 0.3927 0.6062 0.0482 0.0855
0 0.6947 0.6684 0.1846 0.1853
0 0.4768 0.7406 0.0846 0.0888
0 0.2845 0.0360 0.0322 0.0285
0 0.2090 0.4160 0.1020 0.1727
0 0.3856 0.0485 0.0465 0.0517
0 0.4588 0.9696 0.1268 0.0594
0 0.1285 0.2315 0.1824 0.1635
0 0.3879 0.7989 0.0429 0.0323
0 0.2882 0.8410 0.0373 0.0329
0 0.5731 0.3355 0.0965 0.0744
0 0.5712 0.9323 0.0591 0.0550
0 0.3319 0.8220 0.0403 0.0299
0 0.4906 0.2909 0.0600 0.0722
0 0.5502 0.8060 0.0589 0.1546
0 0.8989 0.8129 0.1938 0.2150
0 0.7079 0.4895 0.2771 0.2162
