0 0.1293 0.3984 0.1094 0.1128
0 0.1259 0.3056 0.1233 0.0764
0 0.9792 0.5451 0.0417 0.0694
0 0.9418 0.5694 0.0295 0.0625
0 0.2387 0.2309 0.1372 0.0590
0 0.3715 0.3854 0.0278 0.0312
0 0.4661 0.3385 0.0260 0.0347
0 0.8698 0.4557 0.1215 0.1580
0 0.9062 0.5191 0.0382 0.0556
0 0.7500 0.5382 0.0451 0.0451
0 0.6762 0.4028 0.0747 0.1701
0 0.7543 0.4540 0.0816 0.1198
0 0.6363 0.2674 0.1476 0.0868
0 0.4531 0.1615 0.2222 0.1042
0 0.3438 0.2248 0.0694 0.0503
0 0.1519 0.0278 0.0399 0.0521
0 0.1259 0.0833 0.0260 0.0312
0 0.8429 0.5807 0.0503 0.0677
0 0.5903 0.1884 0.0278 0.0503
0 0.7161 0.1181 0.0330 0.0521
0 0.9115 0.2326 0.0347 0.0486
0 0.3229 0.1068 0.0278 0.0260
0 0.3837 0.2995 0.0312 0.0365
0 0.8359 0.1502 0.0226 0.0260
0 0.9245 0.1389 0.0191 0.0312
0 0.9392 0.1901 0.0139 0.0122
0 0.2257 0.0703 0.0243 0.0191
0 0.1832 0.1727 0.0503 0.0295
0 0.3628 0.0321 0.0312 0.0260
