0 0.3682 0.3827 0.0322 0.0314
0 0.1370 0.3906 0.1293 0.1281
0 0.1574 0.3083 0.0581 0.0633
0 0.9020 0.5148 0.0369 0.0341
0 0.4632 0.3405 0.0310 0.0309
0 0.9767 0.5473 0.0466 0.0560
0 0.3812 0.2934 0.0355 0.0333
0 0.1275 0.3050 0.1229 0.0766
0 0.5844 0.1921 0.0253 0.0332
0 0.9429 0.5623 0.0345 0.0573
0 0.1253 0.0830 0.0339 0.0245
0 0.3437 0.2228 0.0673 0.0478
0 0.5787 0.2828 0.0323 0.0477
0 0.6256 0.2658 0.1393 0.0763
0 0.7539 0.5382 0.0464 0.0294
0 0.7865 0.4410 0.2951 0.2222
0 0.3507 0.1849 0.4201 0.1615
