0 0.3881 0.7992 0.0403 0.0313
0 0.3604 0.1611 0.0502 0.0499
0 0.4295 0.2372 0.0723 0.0703
0 0.3321 0.8221 0.0407 0.0324
0 0.3952 0.6066 0.0511 0.0881
0 0.2086 0.3721 0.1070 0.0783
0 0.1730 0.6958 0.0979 0.1008
0 0.3844 0.0477 0.0528 0.0532
0 0.4582 0.9694 0.1282 0.0607
0 0.5568 0.8624 0.0324 0.0304
0 0.6083 0.3979 0.0794 0.0588
0 0.2333 0.7099 0.0984 0.0773
0 0.5687 0.9337 0.0603 0.0578
0 0.0655 0.6805 0.0536 0.0572
0 0.2882 0.8421 0.0349 0.0293
0 0.3252 0.0896 0.0446 0.0354
0 0.2844 0.0359 0.0329 0.0322
0 0.8416 0.8576 0.0482 0.0285
0 0.3456 0.6549 0.0319 0.0286
0 0.3174 0.4753 0.1166 0.1224
0 0.4790 0.7401 0.0889 0.0891
0 0.4905 0.2921 0.0665 0.0719
0 0.9454 0.8252 0.0702 0.0784
0 0.8772 0.6726 0.0248 0.0201
0 0.9658 0.5905 0.0265 0.0346
0 0.6900 0.6713 0.1511 0.1158
0 0.5778 0.3386 0.0949 0.0760
0 0.6537 0.4252 0.0437 0.0701
0 0.2471 0.4791 0.0294 0.0302
0 0.1299 0.2645 0.1805 0.1179
0 0.3224 0.0549 0.0283 0.0358
0 0.8965 0.8359 0.2069 0.2730
0 0.5491 0.7836 0.0522 0.1149
0 0.7207 0.5062 0.3207 0.2730
0 0.1948 0.4838 0.0656 0.0313
0 0.2142 0.4323 0.0776 0.0806
