0 0.0244 0.7056 0.0489 0.0733
0 0.1781 0.2265 0.0701 0.0710
0 0.0766 0.4699 0.1062 0.1224
0 0.1107 0.1528 0.0469 0.0498
0 0.1586 0.5961 0.0478 0.0890
0 0.3204 0.7886 0.0610 0.1539
0 0.4586 0.6517 0.1813 0.1901
0 0.2376 0.9601 0.1278 0.0713
0 0.2436 0.7249 0.0841 0.0912
0 0.3273 0.3189 0.0958 0.0748
0 0.0609 0.8360 0.0357 0.0333
0 0.3468 0.9146 0.0589 0.0565
0 0.4148 0.6844 0.0799 0.1248
0 0.2013 0.0812 0.0465 0.0552
0 0.1304 0.0399 0.0436 0.0510
0 0.0720 0.0666 0.0431 0.0738
0 0.2443 0.2750 0.0474 0.0634
0 0.2878 0.2364 0.0727 0.0929
0 0.3626 0.3785 0.0753 0.0512
0 0.4407 0.4660 0.0809 0.1359
0 0.6332 0.7424 0.1218 0.0933
0 0.7179 0.8127 0.0622 0.1116
0 0.8421 0.8600 0.1610 0.1585
0 0.9552 0.8932 0.0827 0.1033
