0 0.0773 0.4703 0.1093 0.1333
0 0.3221 0.7885 0.0664 0.1566
0 0.2381 0.9592 0.1306 0.0612
0 0.1593 0.5936 0.0478 0.0832
0 0.0794 0.0543 0.1427 0.0988
0 0.1756 0.2278 0.0721 0.0676
0 0.1105 0.1521 0.0451 0.0478
0 0.4604 0.6509 0.1937 0.2079
0 0.2426 0.7254 0.0829 0.0922
0 0.6138 0.8308 0.0443 0.0310
0 0.4149 0.6870 0.0851 0.1342
0 0.0266 0.7048 0.0532 0.0768
0 0.3480 0.9129 0.0585 0.0517
0 0.1056 0.8128 0.0397 0.0321
0 0.7654 0.8018 0.4434 0.2988
0 0.0618 0.8341 0.0354 0.0351
0 0.6121 0.7172 0.0489 0.0398
0 0.7138 0.7904 0.0598 0.0653
0 0.0284 0.0296 0.0287 0.0280
0 0.1005 0.0877 0.1875 0.1702
0 0.1581 0.7878 0.0394 0.0271
0 0.3820 0.3707 0.4717 0.3916
