0 0.0239 0.7039 0.0478 0.0728
0 0.0764 0.4694 0.1060 0.1212
0 0.1780 0.2265 0.0692 0.0707
0 0.1581 0.5949 0.0472 0.0903
0 0.1106 0.1533 0.0467 0.0491
0 0.2438 0.7261 0.0842 0.0931
0 0.3214 0.7877 0.0596 0.1531
0 0.4584 0.6511 0.1818 0.1963
0 0.3486 0.9137 0.0584 0.0563
0 0.1585 0.7893 0.0409 0.0314
0 0.3270 0.3193 0.0960 0.0734
0 0.7286 0.5560 0.0304 0.0348
0 0.0608 0.8350 0.0377 0.0331
0 0.1305 0.0402 0.0436 0.0507
0 0.2351 0.9611 0.1238 0.0694
0 0.6129 0.8311 0.0482 0.0307
0 0.7867 0.8255 0.4102 0.2755
0 0.4643 0.4541 0.2551 0.1857
