0 0.1106 0.1547 0.0447 0.0447
0 0.0799 0.4741 0.1077 0.1052
0 0.1781 0.2252 0.0709 0.0643
0 0.2456 0.7263 0.0755 0.0861
0 0.0240 0.7066 0.0479 0.0727
0 0.1571 0.5952 0.0410 0.0746
0 0.3642 0.3791 0.0706 0.0512
0 0.4164 0.6917 0.0755 0.1111
0 0.6605 0.7490 0.1773 0.1455
0 0.8546 0.8777 0.2778 0.1671
0 0.5068 0.4954 0.2089 0.2359
0 0.4655 0.6664 0.1773 0.1022
0 0.3098 0.2684 0.1458 0.1671
0 0.1295 0.0453 0.0296 0.0472
0 0.0655 0.0630 0.0355 0.0590
0 0.3265 0.7912 0.0571 0.1356
0 0.2517 0.9662 0.1163 0.0649
