0 0.0643 0.6793 0.0585 0.0605
0 0.3605 0.1609 0.0480 0.0503
0 0.1675 0.6962 0.0847 0.0932
0 0.3931 0.6064 0.0476 0.0846
0 0.3168 0.4810 0.1034 0.1187
0 0.4770 0.7406 0.0809 0.0889
0 0.2369 0.7083 0.0930 0.0799
0 0.6950 0.6648 0.1892 0.1671
0 0.2101 0.3684 0.0978 0.0717
0 0.2847 0.0359 0.0317 0.0291
0 0.3864 0.0492 0.0446 0.0503
0 0.5709 0.9314 0.0609 0.0545
0 0.1290 0.2342 0.1831 0.1591
0 0.2086 0.4181 0.1014 0.1780
0 0.2871 0.8412 0.0359 0.0333
0 0.4582 0.9700 0.1261 0.0601
0 0.3889 0.7986 0.0420 0.0329
0 0.5500 0.8035 0.0620 0.1535
0 0.4311 0.2394 0.0696 0.0689
0 0.8992 0.8141 0.1954 0.2088
0 0.8401 0.8585 0.0501 0.0320
0 0.5739 0.3343 0.0971 0.0678
0 0.7059 0.4934 0.3125 0.2005
0 0.5182 0.2615 0.1140 0.1219
