0 0.0642 0.6796 0.0593 0.0611
0 0.3605 0.1612 0.0479 0.0495
0 0.4286 0.2368 0.0712 0.0701
0 0.3173 0.4788 0.1030 0.1215
0 0.3933 0.6054 0.0483 0.0875
0 0.1671 0.6961 0.0841 0.0936
0 0.4768 0.7406 0.0819 0.0899
0 0.2369 0.7082 0.0931 0.0804
0 0.2107 0.3689 0.0987 0.0695
0 0.1305 0.2321 0.1808 0.1617
0 0.2087 0.4166 0.1012 0.1714
0 0.2845 0.0359 0.0317 0.0290
0 0.6931 0.6695 0.1849 0.1930
0 0.5719 0.9306 0.0600 0.0542
0 0.5725 0.3356 0.0967 0.0732
0 0.2875 0.8409 0.0370 0.0327
0 0.3890 0.7987 0.0420 0.0329
0 0.5505 0.8042 0.0614 0.1548
0 0.3858 0.0481 0.0459 0.0508
0 0.8996 0.8202 0.1989 0.2260
0 0.8405 0.8582 0.0492 0.0314
0 0.4589 0.9700 0.1277 0.0598
0 0.4908 0.2914 0.0610 0.0695
0 0.7138 0.4708 0.2811 0.2339
