0 0.0363 0.5643 0.0268 0.0609
0 0.0749 0.5500 0.0442 0.0547
0 0.1767 0.5360 0.0822 0.1162
0 0.2459 0.5062 0.0361 0.0851
0 0.2904 0.5161 0.0193 0.0379
0 0.4318 0.5705 0.0367 0.0522
0 0.3492 0.5652 0.0436 0.0963
0 0.2742 0.7463 0.1588 0.2231
0 0.1565 0.8317 0.0305 0.0373
0 0.4522 0.7425 0.1470 0.0814
0 0.5528 0.7752 0.1239 0.1790
0 0.6387 0.9054 0.0424 0.0528
0 0.6920 0.8243 0.1015 0.0709
0 0.6627 0.5883 0.0467 0.0392
0 0.9405 0.8840 0.0330 0.0298
0 0.9037 0.6498 0.0417 0.0298
0 0.0142 0.4759 0.0284 0.0897
