0 0.0635 0.6790 0.0550 0.0587
0 0.3601 0.1608 0.0468 0.0499
0 0.3168 0.4768 0.1111 0.1212
0 0.4272 0.2362 0.0695 0.0683
0 0.2095 0.3691 0.1028 0.0737
0 0.1664 0.6960 0.0867 0.0957
0 0.4579 0.9685 0.1315 0.0613
0 0.5756 0.3347 0.0939 0.0718
0 0.3937 0.6057 0.0480 0.0851
0 0.2367 0.7073 0.0902 0.0753
0 0.7450 0.4962 0.2430 0.1923
0 0.3871 0.0496 0.0396 0.0470
0 0.3891 0.7989 0.0408 0.0316
0 0.2101 0.4206 0.1021 0.1475
0 0.4916 0.2901 0.0593 0.0689
0 0.4756 0.7402 0.0817 0.0916
0 0.6959 0.6739 0.1772 0.1684
0 0.3333 0.8218 0.0429 0.0308
0 0.2158 0.4335 0.0823 0.0812
0 0.2841 0.0354 0.0301 0.0293
0 0.5522 0.2815 0.0525 0.0364
0 0.6079 0.3992 0.0757 0.0572
0 0.5701 0.9320 0.0581 0.0546
0 0.8405 0.8579 0.0499 0.0320
0 0.5535 0.8064 0.0586 0.1515
0 0.8622 0.7592 0.1184 0.0980
