0 0.6928 0.8213 0.1067 0.0829
0 0.1616 0.5289 0.1147 0.1270
0 0.6619 0.5882 0.0480 0.0411
0 0.2589 0.7503 0.2038 0.2286
0 0.4319 0.5735 0.0463 0.0456
0 0.6384 0.9045 0.0449 0.0608
0 0.4960 0.7708 0.2421 0.1971
0 0.0355 0.5659 0.0359 0.0588
0 0.2490 0.5098 0.0432 0.0785
0 0.9125 0.6574 0.0638 0.0521
0 0.9409 0.8844 0.0369 0.0304
0 0.1577 0.8299 0.0333 0.0368
0 0.0734 0.5468 0.0499 0.0540
0 0.3512 0.5708 0.0596 0.0994
0 0.4580 0.7454 0.1605 0.1088
0 0.0149 0.4627 0.0298 0.0749
0 0.7797 0.6428 0.0217 0.0354
0 0.8103 0.8119 0.0394 0.0432
0 0.7187 0.6448 0.0256 0.0314
