0 0.6396 0.9036 0.0428 0.0616
0 0.4286 0.5741 0.0394 0.0451
0 0.6622 0.5894 0.0448 0.0401
0 0.9393 0.8832 0.0353 0.0282
0 0.1764 0.5240 0.0937 0.1178
0 0.1561 0.8311 0.0350 0.0377
0 0.2487 0.5113 0.0474 0.0842
0 0.5401 0.8182 0.1136 0.1074
0 0.6923 0.8166 0.0901 0.0700
0 0.2990 0.7845 0.1335 0.0959
0 0.7239 0.8476 0.0420 0.0364
0 0.9012 0.6521 0.0437 0.0330
0 0.4557 0.7506 0.1571 0.0945
0 0.7809 0.6431 0.0296 0.0221
0 0.8135 0.8193 0.0287 0.0269
0 0.1408 0.3574 0.0329 0.0288
0 0.0590 0.5561 0.0782 0.0691
0 0.0155 0.4691 0.0310 0.0869
0 0.3454 0.5745 0.0764 0.0963
0 0.2774 0.7018 0.0576 0.1048
0 0.2830 0.7391 0.1519 0.2448
0 0.5450 0.8062 0.1242 0.2158
