0 0.0643 0.6793 0.0585 0.0582
0 0.3608 0.1611 0.0469 0.0497
0 0.4288 0.2373 0.0664 0.0692
0 0.3171 0.4782 0.1031 0.1196
0 0.4776 0.7401 0.0812 0.0883
0 0.3928 0.6063 0.0471 0.0853
0 0.1675 0.6973 0.0847 0.0932
0 0.2848 0.0358 0.0303 0.0297
0 0.2094 0.3697 0.0981 0.0646
0 0.2370 0.7078 0.0839 0.0725
0 0.2093 0.4178 0.0998 0.1713
0 0.6941 0.6735 0.1714 0.1313
0 0.5728 0.3379 0.0990 0.0695
0 0.3861 0.0495 0.0452 0.0496
0 0.1301 0.2493 0.1795 0.1266
0 0.4592 0.9712 0.1297 0.0570
0 0.4907 0.2911 0.0595 0.0687
0 0.7039 0.5013 0.2614 0.2437
0 0.9054 0.7893 0.1690 0.1907
0 0.5516 0.7991 0.0393 0.0885
0 0.3894 0.7981 0.0413 0.0314
0 0.3216 0.8148 0.0236 0.0570
0 0.2744 0.8443 0.0314 0.0216
