0 0.0773 0.4715 0.1107 0.1335
0 0.1591 0.5939 0.0490 0.0839
0 0.3197 0.7852 0.0663 0.1510
0 0.2395 0.9570 0.1341 0.0702
0 0.2435 0.7248 0.0818 0.0913
0 0.1109 0.1553 0.0458 0.0481
0 0.1775 0.2252 0.0692 0.0710
0 0.4610 0.6490 0.1909 0.2113
0 0.3469 0.9129 0.0589 0.0567
0 0.7167 0.7923 0.0637 0.0678
0 0.0241 0.7033 0.0482 0.0744
0 0.0849 0.0563 0.1350 0.0901
0 0.4151 0.6855 0.0864 0.1348
0 0.4739 0.4526 0.2949 0.2194
0 0.8782 0.8769 0.2410 0.1808
0 0.6144 0.8309 0.0472 0.0308
0 0.6115 0.7172 0.0508 0.0408
0 0.2893 0.2640 0.1752 0.1857
0 0.2015 0.0836 0.0479 0.0549
0 0.1093 0.1015 0.1940 0.1890
0 0.0284 0.0295 0.0285 0.0285
0 0.6409 0.7381 0.1492 0.1104
0 0.1098 0.8090 0.1402 0.0761
0 0.1143 0.6471 0.0239 0.0269
0 0.0094 0.4733 0.0188 0.0283
