0 0.3150 0.4773 0.1098 0.1243
0 0.4596 0.9702 0.1348 0.0566
0 0.4272 0.2375 0.0716 0.0686
0 0.5510 0.8050 0.0647 0.1530
0 0.3952 0.6058 0.0489 0.0828
0 0.5690 0.9325 0.0626 0.0557
0 0.3608 0.1617 0.0505 0.0484
0 0.1654 0.6952 0.0877 0.0940
0 0.4754 0.7408 0.0838 0.0866
0 0.3868 0.0505 0.0432 0.0441
0 0.3333 0.8208 0.0412 0.0349
0 0.2082 0.3692 0.0997 0.0646
0 0.3883 0.7990 0.0411 0.0339
0 0.2240 0.7054 0.1166 0.0872
0 0.2145 0.4410 0.0964 0.1060
0 0.8975 0.8085 0.2038 0.2215
0 0.5734 0.3319 0.0978 0.0765
0 0.0653 0.6828 0.0598 0.0530
0 0.6960 0.6693 0.1839 0.1824
0 0.5527 0.2815 0.0490 0.0338
0 0.4542 0.0918 0.0553 0.0591
0 0.9670 0.5892 0.0300 0.0349
0 0.3093 0.0658 0.0813 0.0859
0 0.2858 0.0361 0.0276 0.0253
0 0.8386 0.8597 0.0481 0.0326
0 0.4895 0.2896 0.0568 0.0676
0 0.1323 0.2302 0.1841 0.1713
0 0.6526 0.7034 0.0893 0.1347
0 0.3271 0.0912 0.0422 0.0356
0 0.3199 0.0552 0.0269 0.0303
0 0.9467 0.8229 0.0599 0.0696
0 0.7127 0.4870 0.2795 0.2344
