0 0.1804 0.2251 0.0657 0.0651
0 0.0787 0.4744 0.1078 0.1064
0 0.1116 0.1513 0.0425 0.0425
0 0.2455 0.7261 0.0738 0.0850
0 0.0241 0.7059 0.0482 0.0729
0 0.3482 0.9119 0.0519 0.0486
0 0.1569 0.5948 0.0407 0.0775
0 0.0616 0.8360 0.0330 0.0309
0 0.3259 0.3185 0.0874 0.0674
0 0.4165 0.6888 0.0767 0.1205
0 0.0804 0.0371 0.1475 0.0713
0 0.3236 0.7764 0.0546 0.1083
0 0.2424 0.2722 0.0521 0.0605
0 0.2007 0.0812 0.0462 0.0531
0 0.1080 0.8124 0.0466 0.0305
0 0.4768 0.5509 0.3163 0.3864
0 0.7744 0.8232 0.4490 0.3133
0 0.2359 0.9601 0.1507 0.0799
0 0.1583 0.7881 0.0433 0.0313
0 0.1105 0.6449 0.0283 0.0433
0 0.2828 0.2294 0.0985 0.1134
0 0.0703 0.0855 0.0403 0.0283
