0 0.0640 0.6799 0.0586 0.0638
0 0.3615 0.1609 0.0461 0.0500
0 0.4296 0.2376 0.0699 0.0703
0 0.3939 0.6045 0.0482 0.0870
0 0.3176 0.4792 0.1026 0.1220
0 0.4772 0.7400 0.0817 0.0888
0 0.2107 0.3690 0.0992 0.0697
0 0.2375 0.7083 0.0883 0.0794
0 0.6938 0.6693 0.1838 0.1896
0 0.4564 0.9678 0.1252 0.0643
0 0.2090 0.4172 0.1011 0.1709
0 0.2851 0.0360 0.0317 0.0285
0 0.3864 0.0504 0.0442 0.0491
0 0.1265 0.2408 0.1807 0.1488
0 0.5735 0.3366 0.0983 0.0691
0 0.1639 0.6978 0.0805 0.0900
0 0.4906 0.2909 0.0612 0.0718
0 0.2059 0.7024 0.1527 0.0931
0 0.8394 0.8584 0.0484 0.0315
0 0.5496 0.8030 0.0599 0.1540
0 0.7061 0.4745 0.2857 0.1857
0 0.9000 0.7980 0.2000 0.1796
