0 0.3602 0.1566 0.0499 0.0516
0 0.1624 0.2564 0.1187 0.1308
0 0.3232 0.0723 0.0413 0.0723
0 0.3869 0.0525 0.0344 0.0396
0 0.4282 0.2332 0.0688 0.0671
0 0.4910 0.2856 0.0602 0.0826
0 0.5357 0.2444 0.0981 0.1135
0 0.5082 0.2848 0.2151 0.1910
0 0.7215 0.4869 0.3011 0.2340
0 0.7009 0.6745 0.1738 0.2030
0 0.5512 0.8026 0.0533 0.1462
0 0.4987 0.9472 0.2030 0.0912
0 0.2080 0.3708 0.0963 0.0740
0 0.2217 0.4336 0.0826 0.0791
0 0.1994 0.4061 0.1032 0.1376
0 0.3138 0.4740 0.1084 0.1153
0 0.3929 0.6065 0.0396 0.0877
0 0.2363 0.7097 0.0809 0.0740
0 0.3877 0.7983 0.0430 0.0378
0 0.0626 0.6805 0.0568 0.0637
0 0.8359 0.7416 0.0688 0.0551
0 0.9469 0.8456 0.0671 0.1187
0 0.8746 0.7648 0.1428 0.1084
