0 0.4584 0.9709 0.1294 0.0577
0 0.3158 0.4769 0.1096 0.1229
0 0.2105 0.4140 0.1050 0.1706
0 0.6989 0.6713 0.1867 0.1702
0 0.0621 0.6795 0.0613 0.0632
0 0.2080 0.3729 0.1005 0.0666
0 0.1845 0.6968 0.1279 0.1012
0 0.4773 0.7468 0.0814 0.0840
0 0.3885 0.0506 0.0418 0.0456
0 0.3941 0.6072 0.0481 0.0804
0 0.6476 0.7045 0.0847 0.1380
0 0.3616 0.1614 0.0521 0.0501
0 0.4894 0.2906 0.0510 0.0693
0 0.5737 0.3287 0.0963 0.0753
0 0.4292 0.2391 0.0667 0.0629
0 0.3336 0.8217 0.0352 0.0312
0 0.2858 0.0368 0.0300 0.0261
0 0.2870 0.8419 0.0360 0.0346
0 0.5557 0.8129 0.0597 0.1355
0 0.5671 0.9334 0.0588 0.0582
0 0.7042 0.4464 0.0719 0.0490
0 0.5520 0.2806 0.0469 0.0346
0 0.3885 0.7974 0.0388 0.0344
