0 0.0639 0.6799 0.0594 0.0594
0 0.3608 0.1607 0.0471 0.0487
0 0.4284 0.2375 0.0683 0.0701
0 0.1665 0.6971 0.0851 0.0916
0 0.4769 0.7402 0.0815 0.0899
0 0.2354 0.7095 0.0856 0.0745
0 0.3152 0.4785 0.1195 0.1222
0 0.2101 0.3704 0.0975 0.0719
0 0.1291 0.2314 0.1796 0.1651
0 0.6910 0.6681 0.1741 0.1849
0 0.3861 0.0489 0.0451 0.0505
0 0.3929 0.6076 0.0481 0.0836
0 0.3327 0.8208 0.0419 0.0325
0 0.2102 0.4132 0.0971 0.1607
0 0.5732 0.3352 0.0962 0.0740
0 0.5716 0.9306 0.0589 0.0540
0 0.2883 0.8410 0.0369 0.0327
0 0.8986 0.8206 0.1955 0.2095
0 0.2856 0.0352 0.0304 0.0292
0 0.4910 0.2910 0.0604 0.0701
0 0.5501 0.8064 0.0614 0.1519
0 0.6060 0.4011 0.0577 0.0541
0 0.6908 0.4345 0.1050 0.0863
0 0.7006 0.5237 0.0946 0.0714
0 0.5546 0.2848 0.0611 0.0426
0 0.5223 0.2255 0.0519 0.0852
0 0.3256 0.0701 0.0392 0.0691
0 0.4612 0.9706 0.1073 0.0518
