0 0.0712 0.0707 0.0478 0.0690
0 0.1076 0.1537 0.0413 0.0503
0 0.1795 0.2245 0.0600 0.0642
0 0.2465 0.2746 0.0530 0.0759
0 0.3295 0.3216 0.0826 0.0711
0 0.3039 0.2663 0.0565 0.0430
0 0.3660 0.3817 0.0643 0.0551
0 0.0758 0.4728 0.1100 0.1054
0 0.4510 0.4700 0.0717 0.1241
0 0.4671 0.6483 0.1709 0.1484
0 0.3247 0.7761 0.0609 0.0976
0 0.6263 0.7407 0.1222 0.0998
0 0.7171 0.7902 0.0735 0.0729
0 0.8589 0.8559 0.1300 0.0898
0 0.9584 0.9034 0.0778 0.0816
0 0.2456 0.7275 0.0774 0.0785
0 0.1097 0.8086 0.1335 0.0681
0 0.2395 0.9605 0.1070 0.0534
0 0.0237 0.7082 0.0473 0.0694
0 0.1619 0.5980 0.0535 0.0946
0 0.1293 0.0401 0.0361 0.0486
