0 0.2034 0.7011 0.1601 0.0979
0 0.3181 0.4786 0.1011 0.1210
0 0.0636 0.6812 0.0590 0.0573
0 0.4262 0.2391 0.0700 0.0685
0 0.2094 0.3703 0.0975 0.0678
0 0.3612 0.1609 0.0488 0.0511
0 0.3936 0.6053 0.0496 0.0858
0 0.6923 0.6677 0.1734 0.1823
0 0.4771 0.7396 0.0814 0.0912
0 0.3860 0.0492 0.0446 0.0500
0 0.2107 0.4155 0.0962 0.1717
0 0.3895 0.7987 0.0443 0.0302
0 0.5693 0.9324 0.0625 0.0540
0 0.2839 0.0358 0.0300 0.0282
0 0.3328 0.8210 0.0401 0.0324
0 0.8979 0.8211 0.1979 0.2268
0 0.6744 0.4119 0.3715 0.3872
