0 0.3611 0.1609 0.0490 0.0507
0 0.3165 0.4786 0.1034 0.1213
0 0.4287 0.2377 0.0653 0.0699
0 0.3931 0.6054 0.0477 0.0871
0 0.2110 0.3697 0.0967 0.0691
0 0.0632 0.6791 0.0687 0.0637
0 0.4770 0.7402 0.0798 0.0897
0 0.4591 0.9696 0.1267 0.0608
0 0.5711 0.9318 0.0622 0.0539
0 0.1992 0.7005 0.1543 0.0968
0 0.2359 0.7071 0.0838 0.0733
0 0.5726 0.3353 0.0961 0.0659
0 0.1271 0.2288 0.1779 0.1555
0 0.5495 0.8050 0.0613 0.1539
0 0.2093 0.4197 0.1004 0.1749
0 0.6929 0.6840 0.1810 0.1839
0 0.3861 0.0511 0.0465 0.0515
0 0.6538 0.4275 0.1650 0.0909
0 0.5258 0.2555 0.1027 0.1381
0 0.7358 0.5104 0.2434 0.0817
0 0.8523 0.7608 0.1188 0.1105
0 0.8903 0.8189 0.2088 0.2383
0 0.3418 0.8149 0.1407 0.0806
0 0.3216 0.0667 0.0519 0.0737
