0 0.1599 0.5952 0.0479 0.0930
0 0.0251 0.6993 0.0502 0.0714
0 0.1097 0.1539 0.0433 0.0487
0 0.3473 0.9136 0.0641 0.0555
0 0.1790 0.2271 0.0759 0.0692
0 0.3290 0.3177 0.1098 0.0729
0 0.2544 0.9891 0.0551 0.0217
0 0.1053 0.8120 0.0452 0.0316
0 0.3305 0.8461 0.0333 0.0301
0 0.0762 0.4675 0.1236 0.1222
0 0.2462 0.6623 0.0266 0.0251
0 0.1575 0.7878 0.0419 0.0275
0 0.0705 0.0823 0.0442 0.0403
0 0.2391 0.9565 0.1325 0.0751
0 0.0612 0.8359 0.0354 0.0308
0 0.4184 0.6822 0.0901 0.1385
0 0.2475 0.7282 0.0906 0.0906
0 0.7129 0.7924 0.0655 0.0697
0 0.5018 0.4701 0.0615 0.0485
0 0.0639 0.2329 0.0231 0.0210
0 0.3003 0.2675 0.0562 0.0417
0 0.3681 0.3833 0.0892 0.0580
0 0.5276 0.6703 0.0537 0.0577
0 0.1287 0.0399 0.0479 0.0531
0 0.7296 0.5575 0.0300 0.0273
0 0.2036 0.0834 0.0407 0.0498
0 0.6332 0.7425 0.1023 0.0963
0 0.9531 0.9061 0.0782 0.0674
0 0.4549 0.6458 0.0990 0.0931
0 0.8355 0.8489 0.1467 0.1309
0 0.3284 0.7803 0.0314 0.0748
