0 0.3220 0.7872 0.0662 0.1560
0 0.0760 0.4678 0.1129 0.1219
0 0.1597 0.5942 0.0471 0.0829
0 0.2373 0.9589 0.1266 0.0610
0 0.1752 0.2275 0.0705 0.0672
0 0.2426 0.7281 0.0825 0.0939
0 0.4609 0.6507 0.1930 0.2045
0 0.1099 0.1535 0.0445 0.0456
0 0.0836 0.0573 0.1368 0.0878
0 0.3456 0.9135 0.0610 0.0539
0 0.0251 0.7053 0.0503 0.0778
0 0.1594 0.7886 0.0384 0.0310
0 0.4145 0.6851 0.0854 0.1338
0 0.4731 0.4609 0.3100 0.2229
0 0.7132 0.7894 0.0600 0.0651
0 0.0618 0.8349 0.0364 0.0343
0 0.6111 0.7171 0.0509 0.0414
0 0.1043 0.8130 0.0387 0.0330
0 0.0286 0.0295 0.0288 0.0271
0 0.2017 0.0852 0.0458 0.0534
0 0.6401 0.7505 0.0743 0.0639
0 0.2960 0.2682 0.1823 0.1753
0 0.8715 0.8585 0.2361 0.1406
