0 0.0242 0.6998 0.0485 0.0720
0 0.3299 0.8469 0.0336 0.0299
0 0.1072 0.1532 0.0504 0.0498
0 0.1786 0.2247 0.0757 0.0722
0 0.1596 0.5938 0.0491 0.0938
0 0.1577 0.7886 0.0400 0.0303
0 0.1057 0.8129 0.0441 0.0310
0 0.3476 0.9126 0.0633 0.0589
0 0.3285 0.3170 0.1026 0.0707
0 0.0756 0.4653 0.1232 0.1198
0 0.3676 0.3820 0.0799 0.0589
0 0.0712 0.0819 0.0457 0.0412
0 0.2540 0.9893 0.0555 0.0214
0 0.6131 0.8314 0.0494 0.0305
0 0.1282 0.0392 0.0460 0.0518
0 0.0620 0.8354 0.0346 0.0319
0 0.2039 0.0840 0.0408 0.0500
0 0.3272 0.7921 0.0451 0.0722
0 0.2382 0.9570 0.1324 0.0721
0 0.7149 0.7932 0.0708 0.0766
0 0.2486 0.7269 0.0947 0.0952
0 0.7288 0.5568 0.0341 0.0345
0 0.1136 0.6472 0.0324 0.0309
0 0.7229 0.8494 0.0667 0.0520
0 0.4540 0.6523 0.1399 0.1093
0 0.9533 0.9018 0.0933 0.0769
0 0.4175 0.6864 0.0934 0.1314
0 0.0638 0.2328 0.0241 0.0208
0 0.7396 0.9040 0.0303 0.0272
0 0.3014 0.2671 0.0586 0.0423
0 0.5113 0.4757 0.2448 0.2049
0 0.6693 0.7370 0.2031 0.1406
0 0.8438 0.8516 0.2292 0.1406
0 0.2717 0.2500 0.1267 0.1389
