0 0.3264 0.0739 0.0362 0.0731
0 0.3619 0.1622 0.0436 0.0444
0 0.4293 0.2349 0.0597 0.0740
0 0.4921 0.2930 0.0510 0.0526
0 0.5773 0.3354 0.0820 0.0661
0 0.5241 0.2382 0.0506 0.0683
0 0.2180 0.3691 0.0959 0.0574
0 0.2209 0.4326 0.0615 0.0722
0 0.3192 0.4744 0.1108 0.1088
0 0.3933 0.6030 0.0410 0.0862
0 0.2451 0.7046 0.0846 0.0596
0 0.1672 0.6931 0.0746 0.0870
0 0.6111 0.3987 0.0593 0.0748
0 0.6818 0.4789 0.0767 0.1719
0 0.7795 0.5321 0.1151 0.1353
0 0.7047 0.6549 0.1635 0.1397
0 0.9023 0.8085 0.1827 0.1962
0 0.5734 0.9269 0.0506 0.0492
0 0.5529 0.8014 0.0541 0.1401
0 0.4609 0.9626 0.1352 0.0413
0 0.0572 0.6717 0.0591 0.0579
0 0.0956 0.2063 0.1295 0.1603
0 0.3893 0.0476 0.0435 0.0496
