0 0.0621 0.6797 0.0576 0.0591
0 0.3164 0.4738 0.1101 0.1166
0 0.4271 0.2366 0.0697 0.0668
0 0.1669 0.6966 0.0873 0.0946
0 0.3607 0.1608 0.0462 0.0486
0 0.2095 0.3700 0.1035 0.0745
0 0.2376 0.7079 0.0889 0.0739
0 0.5751 0.3357 0.0955 0.0715
0 0.4915 0.2894 0.0603 0.0686
0 0.3871 0.0490 0.0404 0.0475
0 0.5536 0.8117 0.0553 0.1316
0 0.2119 0.4250 0.0968 0.1320
0 0.2845 0.0354 0.0302 0.0304
0 0.1223 0.2247 0.1743 0.1687
0 0.7420 0.4952 0.2468 0.1968
0 0.6083 0.3988 0.0742 0.0566
0 0.5711 0.9308 0.0561 0.0543
0 0.6964 0.6691 0.1761 0.1800
0 0.4614 0.9666 0.1365 0.0668
0 0.5520 0.2815 0.0538 0.0369
0 0.9413 0.8250 0.0664 0.0713
0 0.2877 0.8415 0.0334 0.0309
0 0.2172 0.4332 0.0769 0.0767
0 0.8331 0.7361 0.0469 0.0456
0 0.8614 0.7660 0.1033 0.1031
