0 0.1267 0.3982 0.1141 0.1172
0 0.1259 0.3093 0.1093 0.0678
0 0.2676 0.2273 0.2192 0.0647
0 0.5861 0.1900 0.0216 0.0373
0 0.4426 0.1948 0.2181 0.0541
0 0.4739 0.1348 0.1356 0.0594
0 0.1254 0.0802 0.0263 0.0258
0 0.2245 0.0686 0.0216 0.0184
0 0.3283 0.1091 0.0210 0.0258
0 0.2337 0.1356 0.0231 0.0200
0 0.1740 0.1892 0.0583 0.0557
0 0.3706 0.3827 0.0321 0.0294
0 0.3830 0.2944 0.0221 0.0252
0 0.4663 0.3400 0.0200 0.0234
0 0.6544 0.3404 0.0248 0.0182
0 0.6556 0.3584 0.0161 0.0142
0 0.6584 0.3747 0.0127 0.0121
0 0.6337 0.2812 0.1308 0.0990
0 0.6833 0.4419 0.0644 0.1000
0 0.8769 0.4373 0.1226 0.1235
0 0.7620 0.4812 0.1093 0.1500
0 0.9770 0.5485 0.0429 0.0622
0 0.9438 0.5704 0.0337 0.0633
0 0.9035 0.5123 0.0286 0.0347
0 0.9126 0.2336 0.0209 0.0398
