0 0.3627 0.1597 0.0489 0.0523
0 0.2130 0.3686 0.1084 0.0825
0 0.4309 0.2371 0.0709 0.0695
0 0.3321 0.8225 0.0400 0.0321
0 0.4597 0.9690 0.1294 0.0621
0 0.3848 0.0475 0.0531 0.0529
0 0.3950 0.6056 0.0513 0.0898
0 0.2845 0.0362 0.0332 0.0328
0 0.0657 0.6803 0.0543 0.0567
0 0.1766 0.6976 0.1028 0.0982
0 0.3252 0.0894 0.0444 0.0354
0 0.2316 0.7099 0.0995 0.0767
0 0.3890 0.7991 0.0449 0.0331
0 0.3170 0.4751 0.1198 0.1249
0 0.2882 0.8421 0.0323 0.0308
0 0.3470 0.6550 0.0250 0.0254
0 0.6096 0.3976 0.0877 0.0591
0 0.8734 0.7821 0.0938 0.0715
0 0.2219 0.4324 0.0753 0.0711
0 0.5408 0.2795 0.1476 0.1736
