0 0.3296 0.3169 0.0997 0.0694
0 0.1800 0.2268 0.0697 0.0687
0 0.0760 0.4677 0.1219 0.1249
0 0.1085 0.1534 0.0447 0.0466
0 0.3678 0.3820 0.0761 0.0603
0 0.3019 0.2672 0.0566 0.0349
0 0.1049 0.8142 0.0441 0.0276
0 0.1604 0.5921 0.0461 0.0852
0 0.0275 0.0316 0.0289 0.0307
0 0.7148 0.7932 0.0708 0.0758
0 0.2413 0.2756 0.0590 0.0677
0 0.2413 0.9613 0.1269 0.0684
0 0.3294 0.7950 0.0386 0.0651
0 0.1282 0.0383 0.0429 0.0544
0 0.5017 0.5694 0.2431 0.2882
0 0.6389 0.7457 0.1319 0.1163
0 0.8533 0.8689 0.2726 0.1615
