0 0.4591 0.9707 0.1309 0.0574
0 0.2095 0.3690 0.1000 0.0687
0 0.3958 0.6065 0.0525 0.0903
0 0.1654 0.6970 0.0858 0.0945
0 0.3604 0.1622 0.0496 0.0462
0 0.4281 0.2377 0.0700 0.0678
0 0.4752 0.7405 0.0821 0.0899
0 0.3875 0.7995 0.0409 0.0334
0 0.0660 0.6797 0.0583 0.0605
0 0.3132 0.4771 0.1163 0.1127
0 0.3323 0.8214 0.0383 0.0308
0 0.2390 0.7081 0.0952 0.0722
0 0.5748 0.3384 0.0960 0.0698
0 0.7048 0.6692 0.1884 0.1842
0 0.3871 0.0497 0.0448 0.0457
0 0.5537 0.8070 0.0657 0.1493
0 0.6477 0.7042 0.0809 0.1328
0 0.2140 0.4374 0.0924 0.0971
0 0.5507 0.2819 0.0455 0.0345
0 0.7024 0.4453 0.0795 0.0508
0 0.2877 0.8399 0.0371 0.0350
0 0.6077 0.3984 0.0740 0.0541
0 0.4539 0.0925 0.0560 0.0616
0 0.3271 0.0906 0.0406 0.0380
0 0.3075 0.0672 0.0793 0.0875
0 0.2108 0.4201 0.1124 0.1666
0 0.7630 0.5327 0.2010 0.1415
0 0.9071 0.8020 0.1858 0.2319
0 0.1393 0.2526 0.1399 0.1081
