0 0.3890 0.7988 0.0396 0.0311
0 0.4313 0.2349 0.0718 0.0698
0 0.3590 0.1600 0.0509 0.0513
0 0.3323 0.8220 0.0414 0.0316
0 0.2119 0.3698 0.1059 0.0785
0 0.3950 0.6057 0.0511 0.0898
0 0.3847 0.0479 0.0524 0.0523
0 0.5745 0.3356 0.0963 0.0750
0 0.2843 0.0360 0.0326 0.0323
0 0.0669 0.6795 0.0526 0.0570
0 0.2885 0.8420 0.0317 0.0322
0 0.1761 0.6985 0.0973 0.1001
0 0.5687 0.9336 0.0595 0.0581
0 0.4583 0.9693 0.1301 0.0603
0 0.2361 0.7084 0.0866 0.0776
0 0.3239 0.0877 0.0483 0.0415
0 0.5570 0.8621 0.0333 0.0309
0 0.8400 0.8585 0.0522 0.0317
0 0.5506 0.2825 0.0573 0.0434
0 0.6980 0.6886 0.1654 0.1686
0 0.3456 0.6548 0.0307 0.0270
0 0.4810 0.7391 0.0939 0.0909
0 0.6092 0.3992 0.0766 0.0550
0 0.3185 0.4697 0.1157 0.1136
0 0.1822 0.4835 0.0413 0.0275
0 0.5520 0.7966 0.0447 0.0757
0 0.4892 0.2848 0.0568 0.0809
