0 0.2847 0.0391 0.0243 0.0260
0 0.3707 0.0373 0.0781 0.0747
0 0.3186 0.0582 0.0260 0.0399
0 0.3281 0.0964 0.0451 0.0434
0 0.3628 0.1615 0.0556 0.0486
0 0.4314 0.2378 0.0642 0.0660
0 0.0807 0.1667 0.0226 0.0243
0 0.0764 0.2569 0.0590 0.0694
0 0.2092 0.3707 0.0990 0.0712
0 0.2222 0.4358 0.0729 0.0729
0 0.1849 0.4896 0.0330 0.0347
0 0.0755 0.6736 0.0330 0.0451
0 0.0477 0.6970 0.0295 0.0434
0 0.1693 0.6962 0.0712 0.0833
0 0.2370 0.7109 0.0747 0.0677
0 0.3186 0.4748 0.1024 0.1128
0 0.2457 0.4835 0.0260 0.0295
0 0.4957 0.2934 0.0538 0.0694
0 0.5243 0.2326 0.0625 0.0799
0 0.3976 0.6076 0.0347 0.0833
0 0.3472 0.5851 0.0139 0.0208
0 0.3177 0.6137 0.0139 0.0226
0 0.2639 0.6233 0.0139 0.0174
0 0.3472 0.6545 0.0174 0.0208
0 0.2882 0.8420 0.0278 0.0278
0 0.3333 0.8220 0.0347 0.0295
0 0.3898 0.8003 0.0365 0.0312
0 0.4809 0.6788 0.0174 0.0278
0 0.4748 0.7431 0.0747 0.0833
0 0.4609 0.9696 0.1198 0.0608
0 0.5382 0.7439 0.0174 0.0226
0 0.5564 0.8012 0.0434 0.0885
0 0.5590 0.8655 0.0312 0.0295
0 0.8429 0.7465 0.0503 0.0417
0 0.8689 0.7812 0.0712 0.0868
0 0.9436 0.8247 0.0747 0.0729
0 0.5720 0.9306 0.0538 0.0521
0 0.6510 0.7109 0.0799 0.1267
0 0.5747 0.3342 0.0868 0.0608
0 0.5547 0.2812 0.0608 0.0417
0 0.6068 0.4010 0.0677 0.0486
0 0.6927 0.4332 0.1007 0.0747
0 0.6806 0.4983 0.0625 0.0590
0 0.6901 0.6762 0.1059 0.0955
0 0.7604 0.6970 0.0347 0.0747
0 0.7865 0.5434 0.1458 0.1424
0 0.8750 0.6745 0.0278 0.0260
0 0.8003 0.6372 0.0208 0.0174
0 0.6866 0.6068 0.0851 0.0642
0 0.4557 0.0946 0.0469 0.0538
0 0.8403 0.8585 0.0451 0.0399
0 0.9635 0.9358 0.0312 0.0243
0 0.9575 0.8785 0.0851 0.0660
0 0.1458 0.2561 0.0590 0.0642
0 0.1875 0.2760 0.0868 0.0833
0 0.3142 0.2431 0.0278 0.0278
