0 0.3610 0.1610 0.0467 0.0496
0 0.2371 0.7094 0.0844 0.0714
0 0.0551 0.6791 0.0769 0.0654
0 0.3926 0.6064 0.0484 0.0863
0 0.3166 0.4777 0.1023 0.1189
0 0.4278 0.2373 0.0693 0.0667
0 0.4769 0.7394 0.0809 0.0907
0 0.2114 0.3696 0.0956 0.0690
0 0.8577 0.7692 0.1091 0.1041
0 0.2096 0.4162 0.0992 0.1688
0 0.3862 0.0490 0.0439 0.0497
0 0.2847 0.0359 0.0315 0.0285
0 0.5734 0.3360 0.0969 0.0729
0 0.6977 0.6753 0.1781 0.1314
0 0.1289 0.2330 0.1791 0.1567
0 0.4910 0.2919 0.0608 0.0687
0 0.2008 0.7019 0.1579 0.0968
0 0.4716 0.9642 0.1000 0.0468
0 0.6971 0.4787 0.2752 0.2221
