0 0.4295 0.2385 0.0688 0.0669
0 0.3616 0.1609 0.0458 0.0486
0 0.2325 0.7072 0.0930 0.0747
0 0.4565 0.9703 0.1277 0.0578
0 0.2098 0.4179 0.0984 0.1706
0 0.3861 0.0490 0.0449 0.0483
0 0.1663 0.6965 0.0825 0.0915
0 0.1293 0.2501 0.1798 0.1261
0 0.2106 0.3722 0.0970 0.0666
0 0.4907 0.2909 0.0608 0.0709
0 0.6942 0.6672 0.1743 0.1348
0 0.2839 0.0356 0.0320 0.0280
0 0.3182 0.4814 0.1051 0.1048
0 0.3897 0.6127 0.0539 0.0748
0 0.6941 0.4069 0.3912 0.4128
0 0.9144 0.8099 0.1713 0.2084
0 0.5516 0.8138 0.0708 0.1140
0 0.4897 0.7421 0.0767 0.1002
