0 0.0631 0.6791 0.0556 0.0564
0 0.3163 0.4772 0.1131 0.1207
0 0.3618 0.1609 0.0448 0.0506
0 0.2092 0.3699 0.0994 0.0705
0 0.4560 0.9711 0.1267 0.0578
0 0.3935 0.6062 0.0457 0.0823
0 0.2106 0.4243 0.0972 0.1364
0 0.4773 0.7413 0.0835 0.0889
0 0.1676 0.6981 0.0876 0.0974
0 0.2356 0.7076 0.0908 0.0768
0 0.9462 0.8219 0.0715 0.0755
0 0.5509 0.2818 0.0544 0.0365
0 0.5737 0.3335 0.0968 0.0759
0 0.9520 0.8301 0.0888 0.1493
0 0.6979 0.6668 0.1726 0.1697
0 0.6133 0.4020 0.0408 0.0531
0 0.6939 0.4694 0.1000 0.1673
0 0.3469 0.0571 0.1367 0.1143
