0 0.0747 0.4687 0.1133 0.1200
0 0.1764 0.2269 0.0688 0.0669
0 0.1097 0.1527 0.0437 0.0478
0 0.1591 0.5947 0.0462 0.0866
0 0.2359 0.9554 0.1266 0.0733
0 0.1038 0.8130 0.0421 0.0327
0 0.0232 0.7014 0.0465 0.0708
0 0.7133 0.7911 0.0658 0.0694
0 0.1592 0.7888 0.0392 0.0289
0 0.3641 0.3806 0.0765 0.0536
0 0.7802 0.8291 0.4266 0.2878
0 0.3291 0.3167 0.0940 0.0720
0 0.3196 0.7880 0.0628 0.1480
0 0.6295 0.7425 0.1048 0.0946
0 0.0706 0.0822 0.0429 0.0363
0 0.2584 0.7119 0.0514 0.0626
0 0.4620 0.6556 0.1820 0.1751
0 0.1314 0.0399 0.0404 0.0489
0 0.4134 0.6848 0.0836 0.1308
0 0.4573 0.4657 0.0745 0.1331
0 0.2374 0.2775 0.0433 0.0575
0 0.2837 0.2230 0.0469 0.0851
0 0.3509 0.9103 0.0517 0.0456
