0 0.3886 0.7997 0.0387 0.0314
0 0.2106 0.3722 0.1090 0.0795
0 0.3598 0.1611 0.0505 0.0511
0 0.4313 0.2374 0.0695 0.0690
0 0.3950 0.6062 0.0498 0.0897
0 0.3848 0.0476 0.0519 0.0525
0 0.3322 0.8225 0.0401 0.0316
0 0.5747 0.3355 0.0957 0.0778
0 0.4589 0.9699 0.1323 0.0593
0 0.5686 0.9339 0.0583 0.0566
0 0.2333 0.7094 0.0958 0.0758
0 0.1751 0.6971 0.0968 0.0978
0 0.5510 0.2824 0.0576 0.0434
0 0.3169 0.4730 0.1171 0.1231
0 0.5570 0.8622 0.0329 0.0309
0 0.0658 0.6813 0.0528 0.0596
0 0.9452 0.8245 0.0730 0.0799
0 0.2883 0.8430 0.0315 0.0313
0 0.3244 0.0888 0.0482 0.0412
0 0.6099 0.3995 0.0762 0.0559
0 0.4807 0.7400 0.0930 0.0934
0 0.6886 0.6705 0.1462 0.1108
0 0.8773 0.6724 0.0248 0.0207
0 0.2845 0.0360 0.0309 0.0310
0 0.8411 0.8579 0.0480 0.0295
0 0.5052 0.8777 0.0354 0.0266
0 0.3469 0.6537 0.0247 0.0289
0 0.2121 0.4496 0.0929 0.0964
0 0.7084 0.4857 0.1551 0.1427
0 0.1147 0.2417 0.1449 0.0890
0 0.5573 0.7929 0.0520 0.0927
0 0.8772 0.7605 0.1328 0.1056
