0 0.3882 0.7992 0.0407 0.0322
0 0.3595 0.1602 0.0517 0.0512
0 0.2140 0.3669 0.1089 0.0842
0 0.4289 0.2377 0.0730 0.0697
0 0.3957 0.6052 0.0514 0.0908
0 0.3322 0.8220 0.0418 0.0324
0 0.0659 0.6791 0.0557 0.0576
0 0.2845 0.0359 0.0292 0.0315
0 0.5736 0.3342 0.0980 0.0771
0 0.2317 0.7090 0.1023 0.0768
0 0.1764 0.6972 0.1013 0.0984
0 0.3843 0.0485 0.0533 0.0518
0 0.5683 0.9338 0.0588 0.0563
0 0.5564 0.8621 0.0329 0.0306
0 0.3174 0.4736 0.1192 0.1267
0 0.5508 0.2820 0.0566 0.0424
0 0.8418 0.8579 0.0490 0.0292
0 0.3230 0.0889 0.0496 0.0418
0 0.4900 0.2932 0.0643 0.0696
0 0.6091 0.3989 0.0792 0.0570
0 0.4586 0.9707 0.1270 0.0586
0 0.2885 0.8420 0.0309 0.0323
0 0.3458 0.6547 0.0319 0.0286
0 0.2473 0.4795 0.0291 0.0302
0 0.2216 0.4318 0.0806 0.0742
0 0.4791 0.7417 0.0885 0.0911
0 0.9452 0.8243 0.0722 0.0788
0 0.4556 0.0943 0.0458 0.0569
0 0.7387 0.5720 0.2205 0.3385
0 0.8689 0.7682 0.1615 0.0955
