0 0.3883 0.0490 0.0402 0.0506
0 0.3223 0.0681 0.0459 0.0754
0 0.3615 0.1625 0.0421 0.0467
0 0.4279 0.2326 0.0660 0.0725
0 0.4958 0.2870 0.0583 0.0801
0 0.5207 0.2298 0.0468 0.0820
0 0.5532 0.2822 0.0449 0.0324
0 0.5752 0.3376 0.0813 0.0820
0 0.6077 0.3967 0.0755 0.0515
0 0.6822 0.4315 0.0966 0.0868
0 0.3166 0.4730 0.1090 0.1145
0 0.2104 0.3709 0.1090 0.0649
0 0.2219 0.4411 0.0822 0.0735
0 0.1019 0.2078 0.1329 0.1564
0 0.3916 0.6081 0.0564 0.0925
0 0.2387 0.7116 0.0908 0.0763
0 0.1708 0.6973 0.0774 0.0973
0 0.0637 0.6830 0.0545 0.0572
0 0.5532 0.8057 0.0621 0.1536
0 0.4700 0.7432 0.1004 0.0916
0 0.3338 0.8200 0.1358 0.0811
0 0.4662 0.9722 0.1233 0.0555
0 0.9049 0.8190 0.1901 0.1879
0 0.8266 0.5254 0.1042 0.0687
0 0.6995 0.6618 0.1864 0.1278
