0 0.0625 0.6780 0.0564 0.0533
0 0.3617 0.1599 0.0485 0.0452
0 0.1707 0.6947 0.0807 0.0827
0 0.4776 0.7391 0.0758 0.0840
0 0.2379 0.7104 0.0833 0.0712
0 0.3853 0.0464 0.0495 0.0498
0 0.3935 0.6070 0.0436 0.0739
0 0.3255 0.0753 0.0391 0.0600
0 0.3240 0.4807 0.1152 0.1084
0 0.2002 0.4204 0.1144 0.1818
0 0.4318 0.2367 0.0564 0.0685
0 0.4943 0.2860 0.0621 0.0840
0 0.5764 0.3129 0.1005 0.1101
0 0.6218 0.4075 0.1046 0.0856
0 0.7047 0.4446 0.0842 0.0489
0 0.7876 0.5237 0.1569 0.1223
0 0.6732 0.5078 0.0556 0.1084
0 0.7006 0.6781 0.1740 0.1361
0 0.8636 0.7661 0.1144 0.1117
0 0.9592 0.8326 0.0752 0.1663
0 0.5564 0.8062 0.0572 0.1525
0 0.4633 0.9639 0.1324 0.0522
0 0.3432 0.8200 0.1389 0.0726
