0 0.3604 0.1613 0.0495 0.0518
0 0.3932 0.6055 0.0494 0.0850
0 0.6937 0.6624 0.1860 0.1749
0 0.2096 0.3698 0.0983 0.0652
0 0.0650 0.6768 0.0551 0.0582
0 0.4589 0.9695 0.1269 0.0601
0 0.2024 0.7001 0.1517 0.0963
0 0.4776 0.7411 0.0824 0.0883
0 0.3158 0.4791 0.1086 0.1168
0 0.5724 0.3306 0.0959 0.0653
0 0.4306 0.2390 0.0677 0.0636
0 0.3880 0.7983 0.0423 0.0313
0 0.2085 0.4148 0.1037 0.1591
0 0.5516 0.8081 0.0569 0.1534
0 0.2874 0.8414 0.0373 0.0321
0 0.1292 0.2491 0.1779 0.1216
0 0.6102 0.4010 0.0531 0.0510
0 0.7122 0.4571 0.1429 0.1265
