0 0.3606 0.1613 0.0471 0.0499
0 0.2100 0.3696 0.0961 0.0679
0 0.3156 0.4782 0.1017 0.1178
0 0.3930 0.6059 0.0479 0.0862
0 0.5718 0.9298 0.0594 0.0543
0 0.4297 0.2395 0.0701 0.0679
0 0.3864 0.0495 0.0422 0.0501
0 0.2091 0.4154 0.0976 0.1665
0 0.0610 0.6821 0.0614 0.0540
0 0.6935 0.6694 0.1853 0.1921
0 0.4581 0.9701 0.1258 0.0597
0 0.2225 0.7077 0.1226 0.0798
0 0.2872 0.8412 0.0351 0.0330
0 0.3882 0.7985 0.0404 0.0308
0 0.1295 0.2355 0.1833 0.1627
0 0.8400 0.8579 0.0475 0.0309
0 0.2853 0.0358 0.0314 0.0294
0 0.8998 0.8212 0.1977 0.2263
0 0.6745 0.4214 0.4143 0.3367
