0 0.6932 0.8224 0.1083 0.0855
0 0.4319 0.5736 0.0456 0.0469
0 0.6615 0.5884 0.0487 0.0425
0 0.1620 0.5296 0.1168 0.1248
0 0.4943 0.7731 0.2407 0.1918
0 0.6379 0.9049 0.0482 0.0562
0 0.2485 0.5098 0.0422 0.0788
0 0.1577 0.8306 0.0330 0.0362
0 0.0371 0.5668 0.0354 0.0653
0 0.9406 0.8840 0.0370 0.0311
0 0.2708 0.7557 0.1940 0.2209
0 0.9098 0.6571 0.0606 0.0480
0 0.0740 0.5472 0.0507 0.0551
0 0.3529 0.5687 0.0544 0.0902
0 0.0147 0.4651 0.0294 0.0803
0 0.1409 0.3564 0.0334 0.0346
0 0.7026 0.6443 0.0595 0.0493
