0 0.3689 0.3822 0.0312 0.0332
0 0.1343 0.3904 0.1286 0.1258
0 0.9018 0.5147 0.0371 0.0350
0 0.4634 0.3402 0.0272 0.0293
0 0.1247 0.0828 0.0338 0.0276
0 0.1566 0.3080 0.0625 0.0637
0 0.9758 0.5463 0.0483 0.0579
0 0.3811 0.2946 0.0343 0.0300
0 0.5838 0.1913 0.0279 0.0373
0 0.1307 0.3062 0.1218 0.0757
0 0.1561 0.0277 0.0327 0.0484
0 0.2244 0.0706 0.0265 0.0215
0 0.7138 0.1104 0.0275 0.0249
0 0.7529 0.5383 0.0464 0.0325
0 0.9435 0.5634 0.0394 0.0624
0 0.5791 0.2806 0.0360 0.0473
0 0.9096 0.2353 0.0285 0.0406
0 0.3455 0.1814 0.4063 0.1753
0 0.7830 0.4366 0.3160 0.2205
