0 0.3299 0.8466 0.0334 0.0291
0 0.0243 0.6997 0.0486 0.0715
0 0.1071 0.1532 0.0497 0.0488
0 0.1599 0.5938 0.0525 0.0932
0 0.3478 0.9132 0.0591 0.0567
0 0.1577 0.7887 0.0399 0.0306
0 0.1805 0.2247 0.0729 0.0725
0 0.0762 0.4658 0.1238 0.1226
0 0.3293 0.3172 0.1019 0.0694
0 0.1053 0.8133 0.0434 0.0310
0 0.3668 0.3815 0.0849 0.0605
0 0.0699 0.0826 0.0446 0.0377
0 0.1127 0.6470 0.0302 0.0295
0 0.7211 0.8507 0.0663 0.0524
0 0.1282 0.0396 0.0453 0.0513
0 0.0613 0.8354 0.0358 0.0339
0 0.3281 0.7936 0.0473 0.0678
0 0.2533 0.9890 0.0536 0.0219
0 0.2368 0.9577 0.1309 0.0724
0 0.7149 0.7940 0.0681 0.0735
0 0.2497 0.7258 0.0956 0.0955
0 0.4545 0.6525 0.1382 0.1059
0 0.2036 0.0841 0.0380 0.0472
0 0.9530 0.9020 0.0940 0.0743
0 0.6132 0.8307 0.0504 0.0317
0 0.7280 0.5571 0.0332 0.0330
0 0.6329 0.7388 0.1157 0.0984
0 0.4170 0.6869 0.0912 0.1290
0 0.0638 0.2326 0.0238 0.0206
0 0.7399 0.9040 0.0290 0.0262
0 0.4504 0.4284 0.0954 0.0531
0 0.5140 0.5050 0.2296 0.1140
0 0.8296 0.8625 0.1431 0.0992
0 0.2638 0.2477 0.1029 0.1329
