0 0.1660 0.6963 0.0863 0.0916
0 0.4590 0.9712 0.1303 0.0576
0 0.3155 0.4785 0.1035 0.1322
0 0.0639 0.6798 0.0555 0.0589
0 0.5515 0.8058 0.0658 0.1549
0 0.6979 0.6709 0.1849 0.1776
0 0.4279 0.2388 0.0718 0.0672
0 0.3078 0.0652 0.0820 0.0863
0 0.4750 0.7419 0.0846 0.0891
0 0.2118 0.3680 0.0989 0.0636
0 0.3614 0.1619 0.0481 0.0455
0 0.3946 0.6059 0.0479 0.0815
0 0.3883 0.0501 0.0410 0.0448
0 0.2189 0.4344 0.0770 0.0757
0 0.5728 0.3347 0.0936 0.0708
0 0.5685 0.9334 0.0614 0.0568
0 0.4904 0.2914 0.0546 0.0630
0 0.2369 0.7061 0.0929 0.0767
0 0.3335 0.8228 0.0395 0.0324
0 0.8405 0.8580 0.0449 0.0315
0 0.5527 0.2821 0.0472 0.0338
0 0.3904 0.7985 0.0384 0.0306
0 0.9664 0.5891 0.0286 0.0339
0 0.9005 0.8129 0.1990 0.2173
0 0.8437 0.7443 0.0472 0.0381
0 0.6485 0.7036 0.0847 0.1291
0 0.2850 0.0355 0.0283 0.0262
0 0.2108 0.4172 0.1058 0.1636
0 0.9475 0.8229 0.0628 0.0707
0 0.2881 0.8414 0.0351 0.0331
0 0.6093 0.3993 0.0716 0.0536
0 0.9508 0.8778 0.0672 0.0483
0 0.4557 0.0948 0.0489 0.0561
0 0.7031 0.4442 0.0763 0.0478
0 0.1290 0.2284 0.1765 0.1552
0 0.7613 0.5278 0.2274 0.1285
