0 0.0239 0.7045 0.0477 0.0724
0 0.0762 0.4686 0.1058 0.1197
0 0.1775 0.2271 0.0684 0.0693
0 0.1099 0.1528 0.0460 0.0483
0 0.1570 0.5955 0.0478 0.0891
0 0.2449 0.7278 0.0832 0.0950
0 0.3207 0.7883 0.0601 0.1502
0 0.4584 0.6558 0.1789 0.1919
0 0.3484 0.9136 0.0586 0.0555
0 0.3269 0.3193 0.0959 0.0724
0 0.2352 0.9604 0.1242 0.0694
0 0.3611 0.3818 0.0773 0.0536
0 0.1304 0.0403 0.0428 0.0496
0 0.7282 0.5564 0.0315 0.0346
0 0.7133 0.7918 0.0670 0.0664
0 0.1587 0.7895 0.0413 0.0311
0 0.5034 0.4875 0.2457 0.2162
0 0.2646 0.2369 0.0983 0.1356
0 0.7915 0.8207 0.4170 0.2811
