0 0.0704 0.0680 0.0475 0.0714
0 0.1128 0.1536 0.0475 0.0493
0 0.1777 0.2279 0.0659 0.0676
0 0.2512 0.2722 0.0545 0.0765
0 0.2864 0.2327 0.0906 0.1087
0 0.3292 0.3221 0.0988 0.0752
0 0.3653 0.3816 0.0729 0.0525
0 0.4527 0.4638 0.0767 0.1536
0 0.0789 0.4704 0.1235 0.1151
0 0.1635 0.5892 0.0367 0.0885
0 0.0235 0.7093 0.0469 0.0695
0 0.2459 0.7238 0.0811 0.0809
0 0.3203 0.7870 0.0564 0.1656
0 0.4102 0.6729 0.0849 0.0980
0 0.4723 0.6318 0.1609 0.1258
0 0.6279 0.7351 0.1121 0.1030
0 0.7188 0.7939 0.0773 0.0676
0 0.8953 0.8679 0.2046 0.1384
0 0.7489 0.8290 0.1071 0.0936
0 0.5476 0.5075 0.1391 0.1063
