0 0.1653 0.6949 0.0867 0.0919
0 0.4591 0.9714 0.1297 0.0572
0 0.0619 0.6803 0.0625 0.0596
0 0.3154 0.4762 0.1100 0.1195
0 0.5514 0.8072 0.0647 0.1535
0 0.6959 0.6686 0.1827 0.1835
0 0.2093 0.3705 0.0965 0.0645
0 0.3080 0.0654 0.0811 0.0848
0 0.4281 0.2386 0.0716 0.0667
0 0.3883 0.0495 0.0413 0.0449
0 0.3614 0.1620 0.0469 0.0453
0 0.3948 0.6058 0.0471 0.0803
0 0.4755 0.7410 0.0831 0.0883
0 0.2198 0.4353 0.0757 0.0731
0 0.9024 0.8138 0.1952 0.2188
0 0.5756 0.3341 0.0956 0.0720
0 0.2384 0.7079 0.0930 0.0772
0 0.3333 0.8215 0.0387 0.0298
0 0.5698 0.9337 0.0587 0.0559
0 0.4907 0.2921 0.0542 0.0632
0 0.3883 0.7990 0.0383 0.0323
0 0.5525 0.2821 0.0468 0.0336
0 0.2111 0.4166 0.1065 0.1646
0 0.6474 0.7044 0.0789 0.1285
0 0.2853 0.0354 0.0281 0.0255
0 0.8414 0.8573 0.0458 0.0284
0 0.9459 0.8217 0.0610 0.0672
0 0.1324 0.2298 0.1799 0.1593
0 0.9667 0.5885 0.0277 0.0326
0 0.6098 0.3985 0.0705 0.0517
0 0.4557 0.0940 0.0476 0.0549
0 0.8192 0.5211 0.1000 0.0791
0 0.7065 0.4786 0.1462 0.1790
0 0.2851 0.8403 0.0403 0.0343
