0 0.0663 0.0669 0.0571 0.0746
0 0.1069 0.1552 0.0352 0.0274
0 0.1773 0.2226 0.0681 0.0658
0 0.2495 0.2813 0.0461 0.0738
0 0.3297 0.3117 0.0987 0.0460
0 0.3645 0.3713 0.0587 0.0568
0 0.4478 0.4227 0.1043 0.0529
0 0.4639 0.4956 0.0896 0.0772
0 0.5606 0.4960 0.1422 0.0998
0 0.4815 0.6336 0.1343 0.1328
0 0.4180 0.6869 0.0848 0.1102
0 0.3212 0.7629 0.0513 0.1024
0 0.1615 0.5954 0.0352 0.0902
0 0.6278 0.7355 0.0948 0.0980
0 0.7149 0.8117 0.0657 0.1150
0 0.7745 0.8379 0.0474 0.1293
0 0.8532 0.8605 0.1057 0.1258
0 0.9567 0.8917 0.0770 0.0946
