0 0.0636 0.6809 0.0567 0.0596
0 0.3613 0.1612 0.0498 0.0497
0 0.3165 0.4771 0.1039 0.1190
0 0.4300 0.2373 0.0693 0.0697
0 0.2110 0.3692 0.0973 0.0697
0 0.3930 0.6052 0.0502 0.0885
0 0.4562 0.9696 0.1219 0.0571
0 0.2093 0.4158 0.0998 0.1696
0 0.6934 0.6686 0.1874 0.1832
0 0.2350 0.7065 0.0949 0.0830
0 0.4759 0.7400 0.0863 0.0912
0 0.2009 0.7002 0.1577 0.0970
0 0.2843 0.0364 0.0319 0.0284
0 0.1298 0.2364 0.1835 0.1556
0 0.5524 0.8090 0.0583 0.1569
0 0.3852 0.0489 0.0507 0.0510
0 0.3259 0.0906 0.0462 0.0371
0 0.4939 0.2878 0.0531 0.0776
0 0.5755 0.3388 0.0939 0.0694
0 0.6112 0.4010 0.0714 0.0469
0 0.6867 0.4765 0.0918 0.1694
0 0.8684 0.7694 0.1041 0.1224
0 0.9551 0.8316 0.0776 0.1571
