0 0.3690 0.3823 0.0313 0.0332
0 0.1348 0.3899 0.1271 0.1278
0 0.9022 0.5147 0.0376 0.0358
0 0.1570 0.3088 0.0597 0.0643
0 0.9760 0.5462 0.0480 0.0584
0 0.4631 0.3405 0.0318 0.0310
0 0.9430 0.5638 0.0345 0.0614
0 0.1295 0.3053 0.1219 0.0777
0 0.3812 0.2947 0.0342 0.0302
0 0.5842 0.1913 0.0264 0.0334
0 0.6267 0.2662 0.1464 0.0782
0 0.3427 0.2222 0.0664 0.0483
0 0.1247 0.0829 0.0348 0.0247
0 0.6830 0.4379 0.0762 0.1136
0 0.7294 0.4634 0.0385 0.0728
0 0.8755 0.4427 0.1190 0.1291
0 0.7729 0.4715 0.0946 0.1659
0 0.4435 0.1556 0.2136 0.1097
0 0.2278 0.2063 0.1663 0.1014
