0 0.2107 0.3702 0.0972 0.0693
0 0.3929 0.6067 0.0475 0.0845
0 0.4302 0.2380 0.0679 0.0679
0 0.2013 0.7004 0.1555 0.0989
0 0.4769 0.7430 0.0807 0.0806
0 0.2114 0.4119 0.0923 0.1415
0 0.4584 0.9691 0.1315 0.0590
0 0.3079 0.4721 0.0931 0.1091
0 0.5720 0.9302 0.0600 0.0571
0 0.0661 0.6798 0.0605 0.0628
0 0.2364 0.7071 0.0916 0.0805
0 0.5735 0.3316 0.0959 0.0673
0 0.5508 0.8064 0.0590 0.1561
0 0.3891 0.7989 0.0401 0.0312
0 0.6745 0.4398 0.2143 0.1327
0 0.5235 0.2531 0.1163 0.1224
0 0.3388 0.0531 0.1265 0.1020
0 0.8796 0.7500 0.1510 0.1163
