0 0.1091 0.1529 0.0472 0.0500
0 0.0774 0.4680 0.1196 0.1272
0 0.1767 0.2257 0.0716 0.0686
0 0.2347 0.9563 0.1304 0.0724
0 0.1586 0.5959 0.0467 0.0887
0 0.7745 0.8249 0.4259 0.2940
0 0.2443 0.7259 0.0828 0.0949
0 0.1591 0.7878 0.0385 0.0290
0 0.0704 0.0824 0.0425 0.0365
0 0.3213 0.7886 0.0611 0.1477
0 0.0232 0.7014 0.0464 0.0716
0 0.0609 0.8357 0.0337 0.0316
0 0.4811 0.4674 0.2837 0.2191
0 0.6126 0.8315 0.0478 0.0301
0 0.1053 0.8129 0.0429 0.0350
0 0.4618 0.6531 0.1824 0.1896
0 0.3643 0.3810 0.0760 0.0551
0 0.3281 0.3160 0.0956 0.0758
0 0.2450 0.2699 0.0544 0.0604
0 0.2889 0.2301 0.0950 0.1111
