0 0.0643 0.6792 0.0578 0.0601
0 0.3605 0.1611 0.0479 0.0502
0 0.4292 0.2376 0.0705 0.0705
0 0.3176 0.4804 0.1046 0.1126
0 0.3932 0.6053 0.0480 0.0873
0 0.1665 0.6964 0.0846 0.0932
0 0.4770 0.7400 0.0813 0.0897
0 0.2365 0.7070 0.0933 0.0827
0 0.2086 0.3693 0.0963 0.0664
0 0.6934 0.6710 0.1845 0.1940
0 0.2097 0.4165 0.0960 0.1697
0 0.3860 0.0499 0.0454 0.0488
0 0.3890 0.7985 0.0413 0.0319
0 0.2871 0.8413 0.0358 0.0331
0 0.5712 0.9304 0.0593 0.0545
0 0.5496 0.8049 0.0616 0.1557
0 0.4593 0.9697 0.1269 0.0595
0 0.3317 0.8215 0.0412 0.0303
0 0.4908 0.2907 0.0605 0.0710
0 0.9450 0.8231 0.0670 0.0710
0 0.5699 0.3351 0.0877 0.0620
0 0.6990 0.4673 0.2510 0.1878
