0 0.0634 0.6785 0.0557 0.0555
0 0.4291 0.2354 0.0661 0.0660
0 0.1706 0.6961 0.0779 0.0822
0 0.3613 0.1621 0.0455 0.0458
0 0.2389 0.7104 0.0840 0.0708
0 0.2103 0.3728 0.0877 0.0675
0 0.4786 0.7424 0.0766 0.0805
0 0.3188 0.4808 0.1032 0.1048
0 0.3938 0.6058 0.0437 0.0756
0 0.2057 0.4181 0.0900 0.1504
0 0.5698 0.9335 0.0537 0.0524
0 0.5732 0.3355 0.0909 0.0708
0 0.3850 0.0454 0.0485 0.0508
0 0.6970 0.6571 0.1701 0.1545
0 0.7005 0.4731 0.2465 0.1858
0 0.5139 0.2543 0.1059 0.1406
0 0.9236 0.7995 0.1510 0.1858
