0 0.0644 0.6802 0.0596 0.0629
0 0.3606 0.1608 0.0485 0.0505
0 0.4292 0.2373 0.0715 0.0722
0 0.3176 0.4792 0.1029 0.1214
0 0.4768 0.7391 0.0807 0.0892
0 0.1670 0.6966 0.0865 0.0947
0 0.2115 0.3691 0.0971 0.0700
0 0.3932 0.6047 0.0474 0.0872
0 0.2372 0.7080 0.0922 0.0806
0 0.6937 0.6660 0.1840 0.1831
0 0.2098 0.4153 0.1023 0.1676
0 0.4587 0.9690 0.1322 0.0590
0 0.3860 0.0498 0.0465 0.0514
0 0.5735 0.3356 0.0974 0.0725
0 0.1267 0.2377 0.1865 0.1427
0 0.5499 0.8054 0.0600 0.1527
0 0.4907 0.2906 0.0603 0.0729
0 0.5702 0.9329 0.0588 0.0548
0 0.9412 0.8202 0.0593 0.0570
0 0.2884 0.8410 0.0378 0.0328
0 0.8606 0.7725 0.1122 0.1019
0 0.7147 0.4915 0.2673 0.2437
0 0.3835 0.8030 0.0177 0.0373
0 0.3285 0.8236 0.0452 0.0236
