0 0.1103 0.1537 0.0445 0.0491
0 0.3297 0.8468 0.0330 0.0297
0 0.3477 0.9123 0.0597 0.0574
0 0.1788 0.2246 0.0750 0.0721
0 0.0237 0.6964 0.0474 0.0686
0 0.6139 0.8305 0.0500 0.0279
0 0.3305 0.3182 0.0939 0.0690
0 0.0763 0.4656 0.1226 0.1195
0 0.2033 0.0824 0.0431 0.0503
0 0.3659 0.3810 0.0844 0.0588
0 0.1602 0.5940 0.0494 0.0884
0 0.2537 0.9890 0.0556 0.0220
0 0.1276 0.0393 0.0463 0.0520
0 0.7139 0.7934 0.0682 0.0748
0 0.7219 0.8493 0.0714 0.0534
0 0.9587 0.9019 0.0822 0.0667
0 0.7289 0.5569 0.0341 0.0336
0 0.3262 0.7897 0.0460 0.0753
0 0.2455 0.6625 0.0278 0.0265
0 0.3013 0.2671 0.0586 0.0407
0 0.4169 0.6818 0.0884 0.1396
0 0.2492 0.7269 0.0964 0.0937
0 0.4627 0.6482 0.1901 0.1250
0 0.6298 0.7424 0.0918 0.1021
0 0.8392 0.8693 0.1702 0.0840
0 0.2367 0.9595 0.1246 0.0298
0 0.5163 0.4804 0.2088 0.1611
0 0.0696 0.0676 0.0363 0.0671
