0 0.0643 0.6802 0.0584 0.0605
0 0.3608 0.1608 0.0484 0.0501
0 0.3175 0.4798 0.1037 0.1235
0 0.4292 0.2371 0.0698 0.0700
0 0.1672 0.6961 0.0845 0.0945
0 0.2107 0.3685 0.0969 0.0712
0 0.3935 0.6041 0.0480 0.0860
0 0.2370 0.7087 0.0926 0.0785
0 0.2103 0.4157 0.0983 0.1693
0 0.4587 0.9696 0.1279 0.0589
0 0.2851 0.0360 0.0315 0.0289
0 0.1305 0.2441 0.1810 0.1314
0 0.5707 0.9305 0.0602 0.0565
0 0.5721 0.3351 0.0970 0.0706
0 0.3860 0.0497 0.0459 0.0512
0 0.2885 0.8408 0.0365 0.0327
0 0.5507 0.8033 0.0593 0.1502
0 0.6932 0.6801 0.1825 0.1825
0 0.3322 0.8222 0.0405 0.0318
0 0.4760 0.7405 0.0887 0.0941
0 0.4904 0.2906 0.0604 0.0726
0 0.6498 0.4753 0.1500 0.1865
0 0.8598 0.7654 0.0946 0.1105
0 0.9572 0.8558 0.0842 0.1416
0 0.5477 0.2727 0.0565 0.0553
0 0.3199 0.0742 0.0300 0.0794
