0 0.0242 0.6996 0.0485 0.0741
0 0.3303 0.8468 0.0335 0.0297
0 0.1592 0.5948 0.0492 0.0944
0 0.1074 0.1537 0.0499 0.0482
0 0.1577 0.7889 0.0395 0.0302
0 0.1792 0.2248 0.0752 0.0722
0 0.3482 0.9128 0.0592 0.0572
0 0.6141 0.8304 0.0505 0.0279
0 0.3293 0.3169 0.1022 0.0716
0 0.1039 0.8134 0.0439 0.0339
0 0.0764 0.4670 0.1254 0.1243
0 0.3665 0.3821 0.0774 0.0582
0 0.1127 0.6472 0.0304 0.0294
0 0.2022 0.0812 0.0493 0.0552
0 0.0708 0.0822 0.0456 0.0405
0 0.0612 0.8357 0.0364 0.0338
0 0.9544 0.8996 0.0912 0.0738
0 0.1279 0.0392 0.0467 0.0527
0 0.2534 0.9892 0.0596 0.0215
0 0.2481 0.7259 0.0959 0.0948
0 0.3277 0.7942 0.0473 0.0660
0 0.7148 0.7938 0.0679 0.0749
0 0.2380 0.9573 0.1320 0.0707
0 0.3025 0.2674 0.0586 0.0427
0 0.7291 0.5565 0.0238 0.0329
0 0.1117 0.5766 0.0230 0.0204
0 0.4556 0.6538 0.1542 0.1088
0 0.7397 0.9041 0.0296 0.0262
0 0.0264 0.0308 0.0337 0.0310
0 0.0098 0.4748 0.0197 0.0334
0 0.4980 0.4836 0.2266 0.2201
0 0.6428 0.7293 0.1498 0.1297
0 0.8300 0.8669 0.3192 0.1808
0 0.2664 0.2448 0.1103 0.1356
