0 0.0638 0.6804 0.0591 0.0604
0 0.4299 0.2377 0.0692 0.0709
0 0.1689 0.6967 0.0898 0.0933
0 0.3605 0.1614 0.0487 0.0478
0 0.3931 0.6052 0.0494 0.0887
0 0.4771 0.7405 0.0816 0.0897
0 0.2108 0.3689 0.0987 0.0695
0 0.3168 0.4777 0.1047 0.1197
0 0.2091 0.4178 0.1032 0.1727
0 0.5717 0.9304 0.0587 0.0551
0 0.6937 0.6691 0.1850 0.1928
0 0.2222 0.7095 0.0616 0.0732
0 0.1260 0.2325 0.1876 0.1649
0 0.4587 0.9694 0.1281 0.0607
0 0.5723 0.3349 0.0970 0.0744
0 0.2877 0.8414 0.0388 0.0327
0 0.5496 0.8058 0.0622 0.1555
0 0.4908 0.2913 0.0609 0.0702
0 0.8404 0.8581 0.0493 0.0313
0 0.8989 0.8210 0.2005 0.2274
0 0.7187 0.4551 0.3027 0.2025
