0 0.1326 0.0423 0.0364 0.0473
0 0.0279 0.0304 0.0226 0.0271
0 0.1092 0.1508 0.0440 0.0485
0 0.0753 0.0824 0.0353 0.0352
0 0.0652 0.0486 0.0278 0.0312
0 0.1789 0.2273 0.0573 0.0652
0 0.0774 0.4660 0.1053 0.1149
0 0.2472 0.2758 0.0584 0.0658
0 0.2717 0.2187 0.0498 0.0797
0 0.3044 0.2648 0.0457 0.0346
0 0.3290 0.3174 0.0914 0.0739
0 0.3649 0.3803 0.0683 0.0473
0 0.4132 0.4017 0.0434 0.0647
0 0.4543 0.4224 0.0654 0.0514
0 0.5466 0.5044 0.1400 0.1160
0 0.4395 0.4859 0.0694 0.0918
0 0.1572 0.5957 0.0451 0.0912
0 0.0228 0.7028 0.0455 0.0652
0 0.4175 0.6869 0.0764 0.1155
0 0.4543 0.6500 0.1047 0.0947
0 0.5871 0.6993 0.0336 0.0323
0 0.6091 0.7201 0.0486 0.0427
0 0.6435 0.7492 0.0712 0.0814
0 0.7181 0.7885 0.0596 0.0699
0 0.3487 0.9088 0.0555 0.0566
0 0.2382 0.9576 0.1215 0.0537
0 0.3215 0.7711 0.0590 0.1068
0 0.2440 0.7258 0.0798 0.0889
0 0.1581 0.7882 0.0364 0.0277
0 0.1049 0.8121 0.0411 0.0364
0 0.0597 0.8349 0.0283 0.0242
0 0.8528 0.8690 0.2943 0.1524
