0 0.0482 0.6927 0.0217 0.0260
0 0.0729 0.6784 0.0313 0.0477
0 0.1693 0.6970 0.0781 0.0816
0 0.2122 0.7109 0.0356 0.0712
0 0.1840 0.4844 0.0417 0.0226
0 0.2491 0.4809 0.0295 0.0382
0 0.2174 0.4340 0.0773 0.0781
0 0.2092 0.3707 0.0938 0.0660
0 0.2018 0.3112 0.0356 0.0200
0 0.3264 0.0885 0.0365 0.0382
0 0.2852 0.0395 0.0182 0.0321
0 0.3190 0.0590 0.0321 0.0208
0 0.3299 0.0469 0.0538 0.0451
0 0.3785 0.0148 0.0330 0.0208
0 0.3681 0.0369 0.0417 0.0252
0 0.3446 0.0148 0.0295 0.0139
0 0.2070 0.2734 0.0286 0.0382
0 0.1571 0.2830 0.0347 0.0451
0 0.1853 0.2426 0.0286 0.0252
0 0.1402 0.2513 0.0686 0.0668
0 0.3164 0.2426 0.0148 0.0130
0 0.3498 0.1519 0.0191 0.0260
0 0.0872 0.2374 0.0269 0.0234
0 0.1528 0.1823 0.0330 0.0660
0 0.2760 0.4627 0.0226 0.0642
