0 0.1654 0.6947 0.0907 0.0929
0 0.7008 0.6657 0.1862 0.1512
0 0.3161 0.4776 0.1087 0.1187
0 0.0654 0.6804 0.0564 0.0595
0 0.3953 0.6084 0.0524 0.0906
0 0.3867 0.0496 0.0440 0.0455
0 0.4314 0.2383 0.0652 0.0654
0 0.3905 0.7996 0.0403 0.0337
0 0.5520 0.2815 0.0478 0.0385
0 0.3628 0.1627 0.0471 0.0490
0 0.3345 0.8224 0.0408 0.0342
0 0.2381 0.7056 0.0952 0.0737
0 0.5744 0.3358 0.0927 0.0675
0 0.2148 0.4137 0.1046 0.1470
0 0.9510 0.8806 0.0694 0.0506
0 0.8441 0.7451 0.0475 0.0403
0 0.7206 0.5042 0.2897 0.2457
0 0.5216 0.7775 0.1438 0.1671
