0 0.3623 0.1594 0.0505 0.0533
0 0.4292 0.2374 0.0729 0.0700
0 0.2148 0.3703 0.1051 0.0801
0 0.3891 0.7980 0.0414 0.0310
0 0.3953 0.6052 0.0511 0.0897
0 0.5741 0.3331 0.0981 0.0764
0 0.3320 0.8211 0.0414 0.0337
0 0.2845 0.0357 0.0293 0.0302
0 0.1743 0.6962 0.0988 0.0983
0 0.2319 0.7079 0.0995 0.0768
0 0.4590 0.9685 0.1285 0.0623
0 0.3850 0.0482 0.0526 0.0512
0 0.8406 0.8569 0.0517 0.0275
0 0.5568 0.8621 0.0327 0.0306
0 0.5695 0.9326 0.0595 0.0567
0 0.0662 0.6790 0.0537 0.0553
0 0.5513 0.2818 0.0572 0.0429
0 0.6090 0.3980 0.0775 0.0575
0 0.3171 0.4744 0.1188 0.1252
0 0.3254 0.0892 0.0450 0.0347
0 0.4899 0.2929 0.0626 0.0693
0 0.4795 0.7393 0.0964 0.0927
0 0.9453 0.8256 0.0723 0.0799
0 0.6910 0.6699 0.1526 0.1123
0 0.2891 0.8405 0.0315 0.0321
0 0.3458 0.6539 0.0322 0.0285
0 0.9665 0.5908 0.0335 0.0366
0 0.8777 0.6725 0.0246 0.0192
0 0.2205 0.4401 0.1146 0.1441
0 0.7491 0.5009 0.2483 0.2205
0 0.9028 0.8099 0.1944 0.2101
