0 0.0324 0.0317 0.0339 0.0310
0 0.0680 0.0863 0.0459 0.0275
0 0.1100 0.1559 0.0423 0.0514
0 0.0616 0.0489 0.0317 0.0317
0 0.1311 0.0427 0.0339 0.0486
0 0.1978 0.0790 0.0402 0.0605
0 0.1756 0.2265 0.0649 0.0739
0 0.2447 0.2748 0.0522 0.0781
0 0.0800 0.4652 0.1108 0.1084
0 0.1607 0.5905 0.0423 0.0859
0 0.0236 0.7066 0.0472 0.0732
0 0.3258 0.7825 0.0409 0.0901
0 0.2454 0.9516 0.1143 0.0317
0 0.6274 0.7422 0.0995 0.1049
0 0.9539 0.9039 0.0922 0.0732
0 0.8179 0.8508 0.2264 0.1007
0 0.7191 0.7748 0.0684 0.0880
0 0.4574 0.6565 0.1714 0.0957
0 0.3290 0.3054 0.0910 0.1063
0 0.3621 0.3824 0.0670 0.0648
0 0.5092 0.4546 0.2286 0.1725
0 0.2465 0.7263 0.0811 0.0908
0 0.1600 0.7904 0.0339 0.0303
0 0.1050 0.8136 0.0367 0.0289
0 0.0606 0.8344 0.0268 0.0408
