0 0.2406 0.9589 0.1368 0.0607
0 0.1103 0.1525 0.0440 0.0490
0 0.1584 0.5970 0.0473 0.0822
0 0.0753 0.4771 0.1156 0.1282
0 0.2445 0.7254 0.0807 0.0875
0 0.1790 0.2263 0.0670 0.0663
0 0.4731 0.6395 0.1938 0.1859
0 0.3231 0.7814 0.0636 0.1432
0 0.7175 0.7931 0.0635 0.0672
0 0.2751 0.2633 0.2395 0.1816
0 0.0247 0.7019 0.0495 0.0646
0 0.1590 0.7909 0.0372 0.0326
0 0.0829 0.0536 0.1371 0.1008
0 0.3308 0.3157 0.1016 0.0681
0 0.4553 0.4219 0.0930 0.0657
0 0.6499 0.7388 0.1302 0.0885
0 0.3759 0.3747 0.0773 0.0628
