0 0.0642 0.6801 0.0579 0.0596
0 0.3606 0.1610 0.0472 0.0498
0 0.4289 0.2374 0.0712 0.0698
0 0.3171 0.4785 0.1034 0.1208
0 0.3930 0.6055 0.0484 0.0876
0 0.4770 0.7401 0.0814 0.0902
0 0.1677 0.6967 0.0841 0.0929
0 0.2107 0.3689 0.0980 0.0695
0 0.2365 0.7085 0.0939 0.0791
0 0.6935 0.6689 0.1847 0.1911
0 0.2103 0.4155 0.0970 0.1675
0 0.5718 0.9306 0.0588 0.0542
0 0.5727 0.3353 0.0972 0.0737
0 0.1291 0.2354 0.1825 0.1646
0 0.4588 0.9697 0.1276 0.0603
0 0.4909 0.2917 0.0608 0.0685
0 0.3871 0.0493 0.0466 0.0512
0 0.5502 0.8066 0.0616 0.1550
0 0.2842 0.0364 0.0315 0.0288
0 0.2873 0.8414 0.0351 0.0335
0 0.8402 0.8581 0.0485 0.0309
0 0.8989 0.8203 0.1994 0.2265
0 0.3877 0.7984 0.0402 0.0317
0 0.7214 0.4765 0.2837 0.2020
