0 0.1779 0.2266 0.0680 0.0683
0 0.0753 0.4698 0.1138 0.1208
0 0.1584 0.5952 0.0467 0.0874
0 0.1100 0.1527 0.0447 0.0504
0 0.2442 0.7262 0.0826 0.0913
0 0.1039 0.8129 0.0425 0.0330
0 0.1584 0.7885 0.0407 0.0302
0 0.2350 0.9587 0.1268 0.0648
0 0.0251 0.7020 0.0502 0.0725
0 0.3198 0.7882 0.0637 0.1497
0 0.0709 0.0832 0.0429 0.0357
0 0.0606 0.8352 0.0334 0.0328
0 0.4616 0.6557 0.1828 0.1715
0 0.3292 0.3171 0.0957 0.0718
0 0.7131 0.7919 0.0660 0.0703
0 0.3640 0.3811 0.0797 0.0556
0 0.4480 0.4266 0.1057 0.0554
0 0.4399 0.4897 0.0849 0.0862
0 0.6304 0.7388 0.1065 0.1116
0 0.9552 0.8993 0.0864 0.0801
0 0.8727 0.8639 0.2453 0.1694
0 0.3490 0.9074 0.0584 0.0466
