0 0.1670 0.6946 0.0893 0.0906
0 0.4598 0.9706 0.1313 0.0577
0 0.3149 0.4769 0.1109 0.1191
0 0.2113 0.3682 0.1008 0.0628
0 0.0621 0.6800 0.0618 0.0619
0 0.5515 0.8068 0.0651 0.1543
0 0.4286 0.2403 0.0683 0.0678
0 0.6934 0.6706 0.1859 0.1793
0 0.4754 0.7405 0.0845 0.0870
0 0.3944 0.6066 0.0477 0.0815
0 0.3082 0.0644 0.0799 0.0867
0 0.2328 0.7086 0.0918 0.0732
0 0.5747 0.3383 0.0947 0.0684
0 0.5697 0.9336 0.0584 0.0556
0 0.2179 0.4338 0.0769 0.0754
0 0.3340 0.8218 0.0396 0.0305
0 0.3883 0.7989 0.0389 0.0334
0 0.3625 0.1620 0.0454 0.0482
0 0.8999 0.8096 0.1979 0.2201
0 0.6481 0.7030 0.0831 0.1295
0 0.2101 0.4185 0.1076 0.1661
0 0.2855 0.0355 0.0260 0.0245
0 0.7033 0.4452 0.0755 0.0495
0 0.2880 0.8406 0.0354 0.0343
0 0.8428 0.7448 0.0486 0.0387
0 0.4903 0.2906 0.0533 0.0656
0 0.7483 0.5312 0.2188 0.1424
