0 0.3177 0.4915 0.1182 0.1179
0 0.2103 0.4178 0.1281 0.1828
0 0.1541 0.2507 0.2089 0.1553
0 0.4004 0.6035 0.0552 0.0943
0 0.2132 0.7008 0.1379 0.1160
0 0.0684 0.6870 0.0650 0.0688
0 0.3886 0.0521 0.0552 0.0531
0 0.3098 0.0698 0.0867 0.1081
0 0.4270 0.2369 0.1005 0.0609
0 0.5866 0.3362 0.1084 0.0629
0 0.6123 0.4050 0.0690 0.0629
0 0.6950 0.6684 0.1833 0.1887
0 0.9071 0.7942 0.1858 0.1926
0 0.5512 0.7991 0.0690 0.1278
0 0.3403 0.8227 0.1320 0.0649
0 0.4832 0.7401 0.1064 0.0924
0 0.4635 0.9649 0.1261 0.0702
0 0.5275 0.2615 0.1241 0.1455
0 0.7354 0.4993 0.2798 0.1848
