0 0.0191 0.0070 0.0382 0.0139
0 0.1330 0.0408 0.0400 0.0469
0 0.0644 0.0469 0.0291 0.0337
0 0.0737 0.0839 0.0397 0.0403
0 0.1081 0.1522 0.0529 0.0475
0 0.1759 0.2294 0.0628 0.0581
0 0.0094 0.4064 0.0187 0.0680
0 0.0084 0.4743 0.0168 0.0376
0 0.0647 0.4565 0.0840 0.1010
0 0.1540 0.5951 0.0549 0.0917
0 0.0229 0.7053 0.0459 0.0693
0 0.0617 0.8354 0.0278 0.0297
0 0.1008 0.8130 0.0357 0.0284
0 0.1596 0.7902 0.0370 0.0264
0 0.4119 0.6704 0.0681 0.0878
0 0.4708 0.6510 0.1515 0.1096
0 0.4695 0.6556 0.1859 0.1294
0 0.2578 0.2378 0.0774 0.0719
0 0.3256 0.3177 0.0833 0.0587
0 0.3614 0.3853 0.0728 0.0541
0 0.4556 0.4243 0.0906 0.0462
0 0.4301 0.4837 0.0463 0.0554
0 0.5512 0.4768 0.1587 0.0455
0 0.3200 0.7896 0.0642 0.1498
0 0.3481 0.9137 0.0595 0.0521
0 0.2314 0.9572 0.1157 0.0667
0 0.6094 0.7160 0.0489 0.0409
0 0.6431 0.7530 0.0714 0.0686
0 0.9599 0.8962 0.0794 0.0660
0 0.7400 0.7945 0.1038 0.0620
0 0.8501 0.8767 0.1389 0.0693
0 0.7331 0.8520 0.0754 0.0370
