0 0.3941 0.6080 0.0468 0.0844
0 0.2310 0.7078 0.0982 0.0780
0 0.1762 0.6967 0.0977 0.0949
0 0.4585 0.9688 0.1312 0.0617
0 0.3873 0.7992 0.0418 0.0293
0 0.9447 0.8219 0.0652 0.0746
0 0.0697 0.6781 0.0401 0.0529
0 0.2112 0.3752 0.1040 0.0822
0 0.3305 0.8223 0.0389 0.0317
0 0.3137 0.4713 0.1077 0.1123
0 0.3847 0.0485 0.0527 0.0518
0 0.6107 0.3979 0.0825 0.0577
0 0.2127 0.4477 0.0978 0.0959
0 0.8659 0.7666 0.1002 0.0918
0 0.6966 0.6658 0.1829 0.1028
0 0.3648 0.1601 0.0486 0.0560
0 0.4308 0.2380 0.0637 0.0676
0 0.4954 0.2941 0.0631 0.0607
0 0.5788 0.3111 0.1025 0.0994
0 0.3130 0.0645 0.0689 0.0895
0 0.5595 0.8118 0.0370 0.1415
0 0.4807 0.7358 0.0799 0.0924
0 0.5711 0.9363 0.0660 0.0589
0 0.6785 0.5184 0.0878 0.1043
