0 0.0649 0.0464 0.0280 0.0349
0 0.0715 0.0848 0.0301 0.0335
0 0.1128 0.1544 0.0427 0.0440
0 0.1314 0.0373 0.0322 0.0447
0 0.1759 0.2260 0.0539 0.0685
0 0.2456 0.2767 0.0462 0.0594
0 0.3293 0.3221 0.0960 0.0650
0 0.2725 0.2295 0.0623 0.0741
0 0.3678 0.3850 0.0581 0.0454
0 0.4459 0.4143 0.1023 0.0580
0 0.0799 0.4652 0.1170 0.1118
0 0.1612 0.5888 0.0539 0.0846
0 0.4143 0.6747 0.0840 0.1013
0 0.4777 0.6325 0.1352 0.1384
0 0.5296 0.4979 0.1660 0.1062
0 0.6359 0.7411 0.1254 0.0895
0 0.7189 0.8155 0.0826 0.1223
0 0.8842 0.8676 0.2213 0.1524
0 0.3267 0.7677 0.0504 0.0811
0 0.2430 0.7264 0.0903 0.0978
0 0.3452 0.9053 0.0553 0.0559
0 0.2363 0.9553 0.1149 0.0454
0 0.1110 0.8113 0.1163 0.0832
0 0.0236 0.7079 0.0472 0.0846
0 0.3021 0.2687 0.0591 0.0408
