0 0.1256 0.2310 0.1714 0.1592
0 0.5462 0.2821 0.1655 0.1789
0 0.3571 0.1642 0.0473 0.0727
0 0.1985 0.4138 0.1320 0.1749
0 0.2034 0.7067 0.1498 0.1160
0 0.0664 0.6841 0.0690 0.0747
0 0.4270 0.2379 0.0650 0.0708
0 0.5945 0.3981 0.0808 0.0688
0 0.4733 0.7332 0.0906 0.0943
0 0.5551 0.7951 0.0847 0.1238
0 0.5669 0.9249 0.0571 0.0845
0 0.4586 0.9629 0.1438 0.0741
0 0.8625 0.7460 0.1360 0.1278
0 0.9455 0.8679 0.1089 0.1592
0 0.6832 0.6703 0.2069 0.2162
0 0.7600 0.5013 0.2502 0.1730
0 0.3778 0.0433 0.0335 0.0629
0 0.3167 0.0738 0.0611 0.0649
