0 0.3156 0.4765 0.1114 0.1241
0 0.3611 0.1619 0.0481 0.0456
0 0.4282 0.2388 0.0700 0.0662
0 0.2136 0.3703 0.0929 0.0680
0 0.3948 0.6055 0.0478 0.0816
0 0.6947 0.6654 0.1845 0.1808
0 0.5712 0.9293 0.0603 0.0532
0 0.1967 0.7025 0.1573 0.0996
0 0.5761 0.3341 0.0941 0.0750
0 0.3072 0.0650 0.0804 0.0854
0 0.3878 0.0497 0.0423 0.0442
0 0.4911 0.2894 0.0566 0.0668
0 0.4604 0.9714 0.1294 0.0538
0 0.2854 0.0358 0.0290 0.0278
0 0.0632 0.6841 0.0589 0.0532
0 0.8404 0.7437 0.0532 0.0430
0 0.5532 0.8073 0.0560 0.1528
0 0.6102 0.4016 0.0797 0.0587
0 0.6466 0.7011 0.0879 0.1246
0 0.2144 0.4295 0.0884 0.0955
0 0.5520 0.2822 0.0479 0.0333
0 0.7002 0.4425 0.0839 0.0553
0 0.2124 0.4165 0.1027 0.1689
0 0.3275 0.0911 0.0399 0.0336
0 0.7479 0.4905 0.0559 0.0439
0 0.9476 0.8282 0.0640 0.0725
0 0.8841 0.7707 0.1270 0.0832
0 0.6830 0.5144 0.0659 0.0938
