0 0.1804 0.2256 0.0652 0.0639
0 0.0785 0.4720 0.1065 0.1048
0 0.1093 0.1515 0.0448 0.0466
0 0.4157 0.6872 0.0754 0.1158
0 0.1557 0.5951 0.0416 0.0800
0 0.2325 0.9632 0.1210 0.0676
0 0.3256 0.3189 0.0884 0.0691
0 0.7155 0.7915 0.0611 0.0616
0 0.0199 0.7045 0.0399 0.0648
0 0.2415 0.2720 0.0514 0.0604
0 0.4203 0.4268 0.1717 0.1499
0 0.0690 0.0649 0.0501 0.0771
0 0.6163 0.7302 0.1087 0.1285
0 0.4618 0.6324 0.1803 0.1299
0 0.3244 0.7916 0.0658 0.1542
0 0.2464 0.7238 0.0901 0.1042
0 0.1105 0.8088 0.1302 0.0828
0 0.8738 0.8509 0.2490 0.1842
