0 0.3301 0.8467 0.0336 0.0296
0 0.1597 0.5942 0.0497 0.0946
0 0.1072 0.1532 0.0503 0.0489
0 0.3487 0.9125 0.0582 0.0571
0 0.1579 0.7887 0.0403 0.0298
0 0.1796 0.2250 0.0746 0.0714
0 0.0240 0.6970 0.0480 0.0701
0 0.1056 0.8128 0.0443 0.0314
0 0.2540 0.9890 0.0568 0.0220
0 0.3306 0.3186 0.1002 0.0698
0 0.3664 0.3827 0.0757 0.0558
0 0.1129 0.6469 0.0303 0.0291
0 0.3280 0.7936 0.0459 0.0640
0 0.7141 0.7942 0.0714 0.0776
0 0.1296 0.0406 0.0382 0.0491
0 0.4502 0.6498 0.1460 0.1116
0 0.2377 0.9578 0.1322 0.0727
0 0.2487 0.7260 0.0940 0.0943
0 0.9532 0.9015 0.0935 0.0750
0 0.0685 0.0820 0.0477 0.0400
0 0.0616 0.8355 0.0320 0.0310
0 0.0731 0.4627 0.1156 0.1165
0 0.4182 0.6861 0.0925 0.1306
0 0.5147 0.4954 0.2207 0.1769
0 0.6211 0.7185 0.1261 0.1356
0 0.8497 0.8689 0.2759 0.1494
