0 0.0619 0.6791 0.0563 0.0584
0 0.4276 0.2362 0.0685 0.0693
0 0.4604 0.9714 0.1300 0.0572
0 0.3167 0.4739 0.1105 0.1226
0 0.3603 0.1612 0.0466 0.0493
0 0.2093 0.3699 0.1029 0.0701
0 0.3938 0.6063 0.0469 0.0835
0 0.3874 0.0493 0.0393 0.0470
0 0.4763 0.7403 0.0843 0.0895
0 0.5755 0.3347 0.0949 0.0733
0 0.1706 0.6986 0.0920 0.0883
0 0.2360 0.7050 0.0893 0.0725
0 0.2159 0.4332 0.0819 0.0803
0 0.2086 0.4139 0.1054 0.1625
0 0.4891 0.2889 0.0574 0.0676
0 0.5502 0.8043 0.0628 0.1517
0 0.1287 0.2292 0.1738 0.1627
0 0.2882 0.8410 0.0335 0.0309
0 0.7414 0.4987 0.2497 0.2061
0 0.2844 0.0353 0.0292 0.0287
0 0.6081 0.3990 0.0753 0.0549
0 0.3329 0.8214 0.0432 0.0312
0 0.9436 0.8216 0.0655 0.0709
0 0.3878 0.7985 0.0405 0.0322
0 0.3261 0.0909 0.0443 0.0344
0 0.6942 0.6712 0.1753 0.1604
